Interval=	0.1 s						
ExcelDateTime=	4.43E+04	47:56.7					
TimeFormat=	StartOfBlock						
DateFormat=							
ChannelTitle=	Finger Pressure	Systolic	Mean Arterial	Diastolic	Heart Rate	DCS 1cm (e-09)	DCS 3cm (e-09)
Range=	400 mmHg	400 mmHg	400 mmHg	400 mmHg	400 beats/min	400 BFI	400 BFI
0.1	121.2	150	102	87	74	3.009055984	9.010621103
0.2	129.25	150	102	87	74	6.301624337	11.96607108
0.3	113.45	150	102	87	74	4.700945493	5.992132397
0.4	107.9	150	102	87	74	3.023247389	6.99556361
0.5	105.25	150	102	87	74	2.550765251	9.01359055
0.6	95.35	152.6	102	87	76.6	2.197827638	5.510162505
0.7	93.1	154	102	87	78	2.426611585	4.197435915
0.8	90.65	154	102	87	78	2.253360144	4.730139484
0.9	113.35	154	102	87	78	1.717549422	5.47987796
1	138.25	154	102	87	78	6.151917685	7.925936406
1.1	120	154	102	87	78	5.590179615	13.6881449
1.2	109.35	154	102	87	78	3.060913923	4.459135611
1.3	110.1	154	102	87	78	2.80352796	7.93698311
1.4	99.95	153.05	103.9	87.95	78	3.324525569	6.844583668
1.5	95.75	153	104	88	78	2.4308493	6.849349747
1.6	92.85	153	104	88	78	2.953839513	5.327040548
1.7	88.7	153	104	88	78	1.901308789	4.338831484
1.8	114.5	153	104	88	78	2.060774643	3.451552595
1.9	136.55	153	104	88	78	6.805957047	13.06669631
2	117.7	153	104	88	78	5.624983547	7.093837128
2.1	108.25	153	104	88	78	2.887116806	4.850155955
2.2	108.4	153	104	88	78	2.414223345	6.753704904
2.3	97.4	153	104	88	78	1.974498555	4.595704741
2.4	94.35	149.5	105.4	88.7	73.8	2.119926211	3.616502241
2.5	92.8	148	106	89	72	1.97825635	3.193786677
2.6	89.5	148	106	89	72	2.23033703	4.952226388
2.7	111.8	148	106	89	72	2.555616845	3.658676253
2.8	131.35	148	106	89	72	6.014114597	10.86869778
2.9	109.15	148	106	89	72	4.339164501	6.169546958
3	106.7	148	106	89	72	2.679249314	4.922089689
3.1	103.8	148	107.6	90.6	68	2.153712145	6.344057244
3.2	94.35	148	108	91	67	2.130026055	5.129990246
3.3	92.5	148	108	91	67	2.245845199	4.246873892
3.4	91.25	148	108	91	67	2.501534623	3.498759517
3.5	89.15	148	108	91	67	2.007494842	3.145887878
3.6	127.8	148	108	91	67	3.016093699	3.350299831
3.7	120.8	148	108	91	67	5.661530702	8.387809486
3.8	106.85	148	108	91	67	3.089557784	7.654427736
3.9	109.35	148	108	91	67	2.102693066	3.837318978
4	101.1	148.75	106.5	88.75	66.25	1.985123725	6.691048519
4.1	94.5	149	106	88	66	2.337438689	3.570087676
4.2	93.45	149	106	88	66	2.298073442	4.6150035
4.3	90.7	149	106	88	66	1.366253556	3.918356768
4.4	119.9	149	106	88	66	2.258561873	4.839927354
4.5	129.35	149	106	88	66	6.079024242	9.967970796
4.6	111.75	149	106	88	66	3.695985157	6.254520637
4.7	108.75	149	106	88	66	2.6080975	4.052361581
4.8	105.1	149	105.9	88.05	66.15	2.777456897	5.839032876
4.9	95.75	149	104	89	69	2.487809648	4.808822264
5	93.8	149	104	89	69	2.643371069	4.121939112
5.1	91.65	149	104	89	69	2.148350488	4.001646686
5.2	96.9	149	104	89	69	2.598989215	3.647526481
5.3	141.45	149	104	89	69	4.470531994	8.687940871
5.4	120.15	149	104	89	69	4.859980374	11.29194183
5.5	107.85	149	104	89	69	3.873198908	5.046186825
5.6	111.1	149	104	89	69	2.918446902	6.565805458
5.7	99.5	151.55	104.85	88.15	72.4	2.869156633	3.571191842
5.8	94.55	152	105	88	73	2.632955388	4.928707118
5.9	93	152	105	88	73	2.667851045	3.571449485
6	90.3	152	105	88	73	1.124092422	3.964902696
6.1	98.95	152	105	88	73	2.338366975	3.0737743
6.2	141.4	152	105	88	73	5.190909468	6.566355419
6.3	120.75	152	105	88	73	5.93448549	10.17247191
6.4	107.8	152	105	88	73	3.756405868	4.689641935
6.5	110.8	152.15	105.15	88.3	72.7	3.112502848	6.073141209
6.6	99.2	153	106	90	71	3.152485783	5.019866572
6.7	94.85	153	106	90	71	2.069595935	4.93659445
6.8	92.95	153	106	90	71	2.054281134	4.392511658
6.9	90.55	153	106	90	71	2.286487337	5.076191615
7	89.5	153	106	90	71	2.287317631	3.846959757
7.1	137.35	153	106	90	71	3.999805599	10.3299486
7.2	122.9	153	106	90	71	5.841986742	17.79243338
7.3	110.95	153	106	90	71	3.683255987	5.847907221
7.4	111.1	153	106	90	71	3.144039161	7.996987016
7.5	102.8	153	106	90	71	2.090571316	5.671655375
7.6	95.6	150.5	106	90	69	2.618596934	5.403353788
7.7	97.1	148	106	90	67	2.346547065	3.606887734
7.8	93.65	148	106	90	67	2.188786923	4.045497796
7.9	91.4	148	106	90	67	1.57063539	2.951471021
8	136.85	148	106	90	67	4.239968189	7.116047783
8.1	114.5	148	106	90	67	4.264838655	11.25924282
8.2	103.25	148	106	90	67	3.423068072	8.316003951
8.3	108.95	148.15	106	89.85	66.55	2.765191364	6.448280578
8.4	97.2	149	106	89	64	2.622886793	4.44849624
8.5	93	149	106	89	64	2.812287372	3.47384154
8.6	92.35	149	106	89	64	2.557746269	3.84054898
8.7	90.8	149	106	89	64	1.644939231	4.403554884
8.8	129.25	149	106	89	64	2.804532302	6.2788827
8.9	122.85	149	106	89	64	6.169096912	5.135559189
9	107.4	149	106	89	64	3.931185783	4.829050375
9.1	110.75	149	106	89	64	2.692595295	5.258739626
9.2	101.8	149.3	106.3	88.7	65.2	2.774211371	4.505981103
9.3	96	150	107	88	68	2.617838963	3.844132262
9.4	94.55	150	107	88	68	2.748849735	4.772594788
9.5	95.85	150	107	88	68	1.804081653	2.813491494
9.6	139.85	150	107	88	68	3.11831362	8.30724316
9.7	122.4	150	107	88	68	5.235730512	8.713506588
9.8	109.2	150	107	88	68	3.773641819	5.879949954
9.9	112.8	150	107	88	68	2.719807632	5.743043395
10	101.9	150.2	106.85	87.95	68.2	3.139429133	3.159425616
10.1	96.5	154	104	87	72	2.372301494	4.706899007
10.2	94.85	154	104	87	72	2.208589629	2.886268103
10.3	97.1	154	104	87	72	2.085764231	4.20381525
10.4	143.7	154	104	87	72	5.190428751	10.54908368
10.5	125.35	154	104	87	72	5.792278452	8.298382572
10.6	111.4	154	104	87	72	3.783202698	6.290181236
10.7	114.75	154	104	87	72	3.017253513	6.059059663
10.8	103	154.75	104.75	88	73.25	2.558193723	7.551431864
10.9	97.45	157	107	91	77	2.881481508	3.904707955
11	95.8	157	107	91	77	2.793710971	4.849531126
11.1	92.7	157	107	91	77	1.802349196	3.519457707
11.2	107.45	157	107	91	77	1.982915112	4.019596391
11.3	144.55	157	107	91	77	6.243165754	12.90862521
11.4	124.7	157	107	91	77	5.631386818	8.207921521
11.5	110.7	157	107	91	77	3.009332205	4.768390949
11.6	113.75	157	107	91	77	3.087376023	7.242496714
11.7	101.6	157	107	91	77	3.233051661	5.105894695
11.8	97.55	156.4	107.3	91.3	76.85	2.62354052	5.54486524
11.9	95.6	153	109	93	76	2.043233524	3.193527826
12	92.1	153	109	93	76	2.064259492	3.924390464
12.1	102.7	153	109	93	76	2.200728316	3.148691009
12.2	142.55	153	109	93	76	5.852220802	9.763078308
12.3	120.1	153	109	93	76	4.050721512	8.581911695
12.4	108.05	153	109	93	76	3.46791205	5.415672726
12.5	111.75	150	109	92.4	71.2	2.994213587	5.558717771
12.6	99.3	148	109	92	68	2.053829418	5.234987691
12.7	95.35	148	109	92	68	2.041026787	4.356482942
12.8	93.55	148	109	92	68	2.694266463	3.403761006
12.9	90.75	148	109	92	68	2.340521767	4.592763052
13	99.45	148	109	92	68	2.494348119	3.906046526
13.1	136.4	148	109	92	68	5.687126475	8.509195068
13.2	109.55	148	109	92	68	4.64598827	10.40699725
13.3	102.9	148	109	92	68	2.982718689	5.031578355
13.4	105.3	146.5	109	92	67	2.553698084	4.569082988
13.5	93.85	145	109	92	66	3.195585761	3.489692387
13.6	92.05	145	109	92	66	3.067120135	4.561605096
13.7	90.2	145	109	92	66	2.17615773	3.763635658
13.8	92.35	145	109	92	66	2.931055802	5.45187134
13.9	135.1	145	109	92	66	4.569693145	9.803821189
14	111.65	145	109	92	66	4.87773199	7.61509146
14.1	101	145	109	92	66	3.138101311	4.772115574
14.2	106.8	145	109	92	66	2.389149096	5.299030122
14.3	94.8	145	108	91.5	66	2.331359912	3.386159311
14.4	92.75	145	107	91	66	2.095757864	3.428972527
14.5	91.3	145	107	91	66	2.292549611	6.213575644
14.6	118	145	107	91	66	3.105795863	2.670164887
14.7	125.4	145	107	91	66	5.872721106	9.694254742
14.8	103.3	145	107	91	66	3.907546362	4.927276616
14.9	104.35	145	107	91	66	2.562143011	5.110476443
15	99.65	145	107	91	66	2.291632527	7.990787663
15.1	91.8	145.3	105.8	90.4	68.1	3.088535249	4.967613367
15.2	90.55	146	103	89	73	3.059398495	1.935253271
15.3	91.65	146	103	89	73	2.937926889	4.046976777
15.4	135.55	146	103	89	73	3.823135012	11.64063436
15.5	111.8	146	103	89	73	4.309421988	10.43733771
15.6	100.15	146	103	89	73	3.519564894	4.986944045
15.7	105.05	146	103	89	73	1.95045225	5.078885011
15.8	94.1	146	103	89	73	2.229261953	7.482888258
15.9	89.55	146	103	89	73	2.74253987	4.351752158
16	87.7	146.05	103	89	73	2.52265063	4.106158423
16.1	104.3	147	103	89	73	2.307305173	4.763917902
16.2	133.75	147	103	89	73	6.049050576	10.59876677
16.3	110.6	147	103	89	73	4.406512678	7.767853286
16.4	101.8	147	103	89	73	2.623736657	3.587100283
16.5	103.65	147	103	89	73	2.455760374	5.585060038
16.6	92.35	147.3	103.3	89.6	75.4	2.831251714	4.031029182
16.7	89.35	148	103.4	91	79.8	2.592546468	3.528418934
16.8	87.5	148	103	91	79	2.024820592	3.864997317
16.9	107.85	148	103	91	79	2.068259013	4.913155226
17	133.25	148	103	91	79	6.729361852	6.927748113
17.1	112.1	148	103	91	79	5.489030245	8.594997382
17.2	102.3	148	103	91	79	2.402467406	5.350540604
17.3	103.5	148	103	91	79	1.702856985	3.117788455
17.4	92.3	146.05	102.35	89.05	78.35	2.195503879	4.542350204
17.5	89.85	145	102	88	78	2.269366161	3.923423397
17.6	90.8	145	102	88	78	2.426234677	3.133954601
17.7	134.15	145	102	88	78	3.758304105	10.82890884
17.8	115.45	145	102	88	78	5.260810452	12.03816942
17.9	102	145	102	88	78	4.00497933	7.063351367
18	105.1	145	102	88	78	1.819444207	5.457943059
18.1	95.35	145	102	88	78	2.685469188	8.394159016
18.2	90.1	145	102.7	87.3	75.9	2.572296654	3.838494246
18.3	89.75	145	103	87	75	3.086441835	3.47805462
18.4	131.45	145	103	87	75	4.309383516	9.194041959
18.5	114.65	145	103	87	75	5.691770194	8.077249712
18.6	99.6	145	103	87	75	3.742511327	5.386945396
18.7	103.8	145	103	87	75	2.080506284	4.163811923
18.8	93.8	145	103	87	75	2.560485749	7.928150914
18.9	89.4	145	103	87	75	2.476668504	3.468154548
19	87.7	145	103	87	75	2.786765072	3.691205813
19.1	114.05	145	103	87	75	2.366449195	5.542212874
19.2	121.85	143.2	103	87	75	4.650933223	12.09385338
19.3	97.65	143	103	87	75	3.646784075	5.271928593
19.4	102.35	143	103	87	75	2.658535217	8.748289781
19.5	95.65	143	103	87	75	2.231045471	6.290750789
19.6	89.2	143.2	103.4	87.4	76	2.385042666	3.829155193
19.7	88	144	105	89	80	2.112240601	4.60999446
19.8	109.1	144	104.55	89	82.25	2.787671074	3.255998935
19.9	127.7	144	104	89	85	5.93616761	12.01061289
20	101.8	144	104	89	85	3.36888167	10.6617686
20.1	102.4	144	104	89	85	3.627091785	6.767659649
20.2	98.8	144	104	89	85	2.136412495	5.31270168
20.3	90.9	144	104	89	85	2.206634081	4.094866581
20.4	89.2	144.8	102.4	88.2	81.8	2.267614786	5.075153259
20.5	114.7	145	102	88	81	2.367240198	4.699175132
20.6	126.35	145	102	88	81	6.627101767	11.30941276
20.7	102.5	145	102	88	81	3.909916197	7.220463515
20.8	102.3	145	102	88	81	2.939870012	4.2192428
20.9	98.2	145	102	88	81	2.301353762	5.791242739
21	89.85	145	102	88	81	3.487936595	4.314201651
21.1	88.35	145	102	88	81	3.21929555	3.744662234
21.2	99.85	145.2	102	88	81	2.38534498	3.761147349
21.3	135	147	102	88	81	4.974164657	12.67390651
21.4	109.65	147	102	88	81	4.194930057	7.619201819
21.5	100.1	147	102	88	81	3.391540469	4.713932772
21.6	103.05	147	102	88	81	1.831843147	12.10737982
21.7	91.3	147	102	88	81	3.159914321	5.821786639
21.8	88.3	148.7	101.15	88	84.4	2.672626313	3.438664458
21.9	86.85	149	102.3	88	86.3	2.673068171	4.022153069
22	95	149	103	88	87	2.849318909	4.17814169
22.1	137.75	149	103	88	87	5.988778878	10.42642966
22.2	112.55	149	103	88	87	4.702301206	9.784815044
22.3	100.8	149	103	88	87	3.532703322	8.046982604
22.4	104.2	149	103	88	87	2.388071926	4.263194793
22.5	92.6	147.35	102.45	88	84.25	2.895122672	4.244450465
22.6	88.45	146	102	88	82	2.585498021	3.799008163
22.7	87.4	146	102	88	82	1.984729029	4.489128681
22.8	85.1	146	102	88	82	2.387994462	3.480105485
22.9	125.9	146	102	88	82	2.974919731	6.99903273
23	117.35	146	102	88	82	4.939594706	8.824506634
23.1	102.25	146	102	88	82	2.972344946	6.188244615
23.2	102.35	146	102	88	82	1.887409384	6.056352087
23.3	95.65	145.7	101.9	87.9	81.2	2.776819469	6.994035382
23.4	88.25	143	101	87	74	2.717827542	4.707710251
23.5	86.75	143	101	87	74	2.815394002	4.591171394
23.6	84.5	143	101	87	74	2.093573472	4.980508156
23.7	103.15	143	101	87	74	2.628044418	5.197673354
23.8	127.5	143	101	87	74	6.491367137	12.39809784
23.9	103.1	143	101	87	74	3.960929876	5.919217956
24	98.35	143	101	87	74	1.964309288	4.710461998
24.1	98.85	143	101	87	74	1.63014854	5.555474271
24.2	88.4	143	101	87	74	2.66193273	4.014459111
24.3	86.3	143	101	87	74	2.576276562	3.302670054
24.4	84.75	139	100.2	85.4	71.6	2.006497535	3.279204244
24.5	99.95	138	100	85	71	2.154412563	3.421534649
24.6	124.45	138	100	85	71	5.759418569	10.90727449
24.7	97.45	138.85	100	85	71	3.831733486	5.83048862
24.8	97.65	139	100	85	71	2.033330453	3.905391352
24.9	96.65	139	100	85	71	2.222709105	5.804553509
25	87.3	139	100	84.65	71	2.161575839	4.482568685
25.1	86.25	139	100	84	71	2.517847803	3.366539484
25.2	84.35	139	100	84	71	2.459963412	3.287180319
25.3	106.25	139	100	84	71	1.817759552	3.511731511
25.4	121.95	139	100	84	71	5.420782881	11.08502845
25.5	98.55	139	100	84	71	3.636505643	9.194589651
25.6	99.5	139	100	84	71	1.309412298	4.440121713
25.7	96.2	139	100	84	71	2.170120531	5.130510119
25.8	87.9	140.95	99.35	84	72.95	2.179449321	4.339627682
25.9	86.85	142	99	84	74	2.60664067	3.548898578
26	86.25	142	99	84	74	1.963088258	4.867959986
26.1	125.15	142	99	84	74	3.562451834	8.923225803
26.2	114.95	142	99	84	74	6.247970977	8.805829151
26.3	100.35	142	99	84	74	3.059120234	7.095867598
26.4	103.35	142	99	84	74	2.73426559	5.388226136
26.5	95.75	142	99	84	74	2.781625798	5.525895211
26.6	89	144.25	97.5	84	75.5	3.029539993	4.087697032
26.7	87.7	145	97	84	76	3.099369748	4.632275369
26.8	90.4	145	97	84	76	2.314900746	3.895633349
26.9	135	145	97	84	76	5.217506556	6.392684751
27	115.05	145	97	84	76	6.078097698	9.951685234
27.1	102.75	145	97	84	76	4.064795855	6.296032119
27.2	105.75	145	97	84	76	2.74645319	6.894397624
27.3	95.4	145	97	84	76	2.813870942	4.666731267
27.4	90.2	145	97	84	76	2.303897733	3.543463185
27.5	88.55	145.7	97.7	85.4	77.4	2.563793257	4.214442772
27.6	87.45	146	98	86	78	2.898929528	4.244125401
27.7	130.95	146	98	86	78	3.802784976	5.50899624
27.8	118.5	146	98	86	78	5.749798567	8.765503993
27.9	111.2	146	98	86	78	4.437030599	7.147825895
28	115.5	146	98	86	78	3.717293599	6.737653686
28.1	115.25	146	98.75	86	78	2.87206414	7.17733066
28.2	115.3	146	101	86	78	2.435047102	6.065603926
28.3	115.45	146	101	86	78	2.828221757	3.657722093
28.4	115.25	146	101	86	78	3.462157086	3.288969899
28.5	115.7	146	101	86	78	2.171792354	6.854909397
28.6	115.1	146	101	86	78	5.891048814	10.01502264
28.7	105.35	146	101	86	78	4.213209162	7.720249837
28.8	103.9	146	101	86	78	3.199687197	5.495317515
28.9	103.95	146.6	101.15	86	77.25	3.189590861	7.134028389
29	103.95	150	102	86	73	2.315887148	3.967796555
29.1	103.95	150	102	86	73	3.133108003	5.924519143
29.2	103.9	150	102	86	73	2.209805862	3.525429243
29.3	104.1	150	102	86	73	3.82471585	4.91247613
29.4	103.85	150	102	86	73	5.133146524	10.23737901
29.5	104.35	150	102	86	73	4.487599353	10.78556811
29.6	104	150	102	86	73	2.778094674	8.068609677
29.7	105.55	150	102	86	73	3.437915731	5.652492234
29.8	91.95	150	102	86	73	2.753204826	5.50770556
29.9	91.95	150	102	86	73	2.553031739	4.493721457
30	91.2	150	102	86	73	2.511774919	3.703761874
30.1	135.1	150	102	86	73	3.840304937	6.780149088
30.2	119.3	150	102	86	73	5.829795272	11.30138495
30.3	105.55	150	102	86	73	3.86166309	7.52270294
30.4	110.35	150	102	86	73	3.117911038	5.858686101
30.5	99.4	150	102	86	73	3.351548676	4.93071626
30.6	93.7	150.3	102.4	86.4	73.3	3.006761892	3.870868352
30.7	92.1	153	106	90	76	2.661606982	4.446767327
30.8	93.3	153	106	90	76	2.413452642	4.00476407
30.9	140.95	153	106	90	76	5.345438372	12.42072245
31	121.65	153	106	90	76	5.750818355	10.8776806
31.1	108.35	153.95	106	90	76	3.857518219	4.360154844
31.2	111.4	154	106	90	76	2.412783053	4.056731134
31.3	100.1	154	106	90	76	3.178551769	5.598714102
31.4	94.1	154	106	90	76	3.088693813	3.484455066
31.5	92.75	154	106	90	76	2.435378228	4.211378
31.6	89.7	154	106	90	76	1.932835066	2.863091308
31.7	121.45	154	106	90	76	3.205591275	7.356672689
31.8	132.5	154	106	90	76	6.503256993	14.6794899
31.9	115.4	153.75	106	90	76	4.34076264	12.2301783
32	108.55	153	106	90	76	3.17141011	5.007515919
32.1	106.1	153	106	90	76	1.712768464	3.984782885
32.2	95.95	153	106	90	76	2.420025398	3.917595686
32.3	93.35	153	106	90	76	2.710251139	4.192351965
32.4	91.9	153	106	90	76	2.060985997	2.795609284
32.5	90.2	153	106	90	76	1.764206409	4.170335364
32.6	137.65	153	106	90	76	3.431033331	4.510807596
32.7	121.75	153	106	90	76	6.17842278	11.29504157
32.8	108.3	153	106	90	76	3.768572348	5.187950448
32.9	109.8	153	106	90	76	2.453562237	5.358503941
33	99.1	148.75	106.85	90	71.75	3.127027833	5.758037069
33.1	92.6	148	107	90	71	2.805738402	3.791926704
33.2	90.95	148	107	90	71	1.948162998	2.647699059
33.3	88.95	148	107	90	71	2.528135323	3.614852184
33.4	89.35	148	107	90	71	2.2012383	3.272499348
33.5	135.4	148	107	90	71	3.786683483	10.32315117
33.6	112	148	107	90	71	4.414152383	7.374007179
33.7	101.15	148	107	90	71	2.415376064	3.395030541
33.8	106	147.7	106.85	89.85	70.7	2.245539737	5.496774158
33.9	94.5	146	106	89	69	2.111418143	4.439818708
34	89.95	146	106	89	69	2.866250177	3.933934846
34.1	88.9	146	106	89	69	2.176479987	4.355413617
34.2	86.5	146	106	89	69	1.899208063	5.570825001
34.3	112.85	146	106	89	69	1.990432047	3.494469327
34.4	123.8	146	106	89	69	5.663537167	12.48949238
34.5	101.65	146	106	89	69	3.578976017	7.151187034
34.6	102.1	146	106	89	69	2.248959406	4.473224435
34.7	98.1	146	106	89	69	1.741522461	6.127162863
34.8	89.45	146.9	105.1	88.55	68.1	2.155137906	3.614558843
34.9	88.25	148	104	88	67	2.073665967	3.350815831
35	87	148	104	88	67	1.574479507	3.991566917
35.1	121.95	148	104	88	67	2.51745856	7.673869155
35.2	120.15	148	104	88	67	6.03802675	8.823116654
35.3	100.95	148	104	88	67	3.509980731	7.568769782
35.4	101.55	148	104	88	67	2.156911498	5.69501077
35.5	96.15	148	104	88	67	2.547591025	5.241888027
35.6	88.65	148.8	101.6	87.2	70.2	2.599788694	4.452350879
35.7	87.9	149	101	87	71	2.176131754	3.314234833
35.8	88.45	149	101	87	71	1.732107604	3.004264196
35.9	134.8	149	101	87	71	4.312718838	7.736216404
36	113.15	149	101	87	71	4.075457018	10.7549228
36.1	100.6	149	101	87	71	3.569092513	6.655156632
36.2	104.95	149	101	87	71	2.051687064	7.035201827
36.3	94.8	149	101	87	71	2.835947393	5.419187912
36.4	89.7	147.2	101	86.1	75.5	2.74387262	4.291476117
36.5	89.4	147	101	86	76	2.384589659	3.488632218
36.6	87.6	147	101	86	76	2.210045963	4.76323899
36.7	130.05	147	101	86	76	3.685986304	11.12390848
36.8	114.15	147	101	86	76	5.397055624	12.14197658
36.9	102.1	147	101	86	76	3.390152336	5.782990128
37	101.7	147	101	86	76	1.993181791	8.715642127
37.1	94.85	146.7	101	86.15	76.15	2.106965445	6.388097935
37.2	87.45	145	101	87	77	2.719508017	4.76083556
37.3	86.8	145	101	87	77	2.768023551	4.115332593
37.4	84.5	145	101	87	77	2.356613441	4.232688278
37.5	112.2	145	101	87	77	2.612233378	4.894137695
37.6	125.25	145	101	87	77	6.547183394	8.518724815
37.7	107.35	145	101	87	77	3.348715471	11.07677247
37.8	100.9	145	101	87	77	2.843940508	4.940793277
37.9	99.85	145	101	87	77	2.515922349	6.418472085
38	89.3	145	101.8	87.8	74.6	2.65359945	4.383555445
38.1	87.15	145	102	88	74	3.373777753	4.588413021
38.2	85.55	145	102	88	74	2.675426907	5.003507253
38.3	94.4	145	102	88	74	1.278793411	2.832881258
38.4	134.15	145	102	88	74	6.733003194	9.075181457
38.5	108.95	145	102	88	74	3.916385179	6.929472209
38.6	99.4	145	102	88	74	3.242526436	5.516605151
38.7	102.75	145	102	88	74	2.060671447	5.456298921
38.8	91.45	145	100.3	86.3	72.3	2.037040225	3.061540159
38.9	87.35	145	100	86	72	2.065295946	5.45987248
39	86.35	145	100	86	72	2.299858381	2.489811386
39.1	84.85	145	100	86	72	2.329556723	3.190828148
39.2	127.8	145	100	86	72	3.674431128	6.993646006
39.3	113.85	145	100	86	72	5.816782043	6.88771486
39.4	100.35	145	100	86	72	2.792651128	3.716938827
39.5	102.9	145	100	86	72	1.904488362	5.289233855
39.6	94.7	142.5	100	84.5	72	2.927815816	6.044988624
39.7	88.1	140	100	83	72	2.460061834	3.220633437
39.8	86.95	140	100	83	72	2.144809586	3.128438525
39.9	85.9	140	100	83	72	2.48179084	3.093994814
40	125.45	140	100	83	72	3.92266919	7.179063863
40.1	108.75	140	100	83	72	5.054321549	11.39827959
40.2	94.75	140	100	83	72	2.438303864	4.188224962
40.3	101.75	140	100	83	72	1.845667266	5.780755817
40.4	91.3	140.1	100	83.05	71.95	1.653845095	5.08659651
40.5	86.7	142	100	84	71	2.196475264	2.803307485
40.6	85.6	142	100	84	71	2.14442829	3.563523977
40.7	102.7	142	100	84	71	1.921949709	3.65288111
40.8	128.3	142	100	84	71	6.804403557	14.17742795
40.9	102.35	142	100	84	71	3.959653578	7.058455978
41	100.1	142	100	84	71	2.24089974	3.855535323
41.1	99.8	142	100	84	71	2.547007303	3.545810056
41.2	89.4	142.45	100	84.15	71.75	2.592524759	3.706486238
41.3	88.35	145	100	85	76	3.070445152	3.12847806
41.4	89.7	145	100	85	76	3.000126702	3.733923927
41.5	134.15	145	100	85	76	3.357205094	11.59541903
41.6	112.3	145	100	85	76	5.020391166	7.652199187
41.7	100.35	145	100	85	76	2.740748773	4.239425296
41.8	104.95	145	100	85	76	1.577532931	5.166314016
41.9	95.25	145	100	85	76	2.821322046	4.562528268
42	89.75	145	100	85	76	2.368178381	4.236806452
42.1	87.65	145	100	85	76	2.328989581	4.187474594
42.2	90.95	146.9	100	85	76	2.961296608	4.182730461
42.3	136.75	147	100	85	76	5.429377183	7.972250138
42.4	113.6	147	100	85	76	5.357530843	10.19609468
42.5	101.8	147	100	85	76	3.028598448	5.251218626
42.6	105.25	147	100	85	76	2.490061119	7.123279546
42.7	93.7	147	99.5	85.25	77	2.45787692	3.576729655
42.8	88.8	147	99.5	86	80.5	1.976242678	4.240925204
42.9	87.6	147	101	86	81	2.113409367	2.967070139
43	88.15	147	101	86	81	2.201989915	3.196325265
43.1	134.6	147	101	86	81	5.073165139	7.285511574
43.2	114.75	147	101	86	81	5.802727801	6.816722949
43.3	102.4	147	101	86	81	4.285088648	8.482494546
43.4	105.05	147	101	86	81	1.61890025	5.655790141
43.5	94.95	145.65	101.45	86.45	79.2	2.986056168	5.212670522
43.6	88.25	144	102	87	77	2.405540402	3.060694715
43.7	87.75	144	102	87	77	2.146804127	3.698257836
43.8	85.5	144	102	87	77	2.431040296	2.771944006
43.9	113.15	144	102	87	77	2.523861698	4.613581376
44	121.1	144	102	87	77	5.302064796	9.808298916
44.1	98.85	144	102	87	77	3.895092831	9.443278921
44.2	101.35	144	102	87	77	2.596245684	4.275348791
44.3	96.65	144.25	102	86	76	2.650886275	5.259429258
44.4	88.55	145	102	83	73	2.368609811	4.899897298
44.5	86.35	145	102	83	73	2.369752193	2.735689438
44.6	84.25	145	102	83	73	2.634758287	3.625122745
44.7	118.95	145	102	83	73	3.097568375	5.230615014
44.8	119	145	102	83	73	5.81282726	10.24369372
44.9	99.45	145	102	83	73	3.926863627	6.131350614
45	101	145	102	83	73	2.415936642	4.649296401
45.1	95.15	145	102	83	73	2.565027767	6.881336281
45.2	87.75	145	102	83	73	2.776229387	4.627865402
45.3	87	145	101.6	84.2	72.2	2.713439972	3.185264915
45.4	87.65	145	101	86	71	2.46545521	3.725339481
45.5	131.55	145	101	86	71	4.767722087	6.306925948
45.6	113.55	145	101	86	71	5.562307158	9.530624389
45.7	100.7	145	101	86	71	3.377381916	5.438414398
45.8	104.6	145	101	86	71	2.349296069	5.408521847
45.9	94.65	145	101	86	71	2.987784378	4.302411809
46	88.95	149.75	99.1	85.05	75.75	2.376626939	3.253200391
46.1	87.9	150	99	85	76	2.447690996	4.444071839
46.2	86.35	150	99	85	76	1.978005212	3.381508029
46.3	129.4	150	99	85	76	4.618740646	8.549782698
46.4	118.95	150	99	85	76	6.273732036	7.636883912
46.5	105.1	150	99	85	76	3.875872872	7.672162355
46.6	104.25	150	99	85	76	2.711575179	5.118539018
46.7	98.3	149.8	99.2	85	76.2	2.363179916	5.980898183
46.8	90.3	149	100	85	77	2.454981316	4.248878335
46.9	88.25	149	100	85	77	2.969410947	5.123835002
47	85.7	149	100	85	77	2.369855561	4.147632811
47.1	110.3	149	100	85	77	2.118570668	4.589412866
47.2	130	149	100	85	77	6.413997649	10.5889492
47.3	109.5	149	100	85	77	3.374591897	7.331791463
47.4	102.2	149	100	85	77	2.617582156	3.786535297
47.5	100.3	148.85	100.05	85.05	76.8	2.747250426	3.939642494
47.6	89.75	146	101	86	73	2.494532621	5.158986752
47.7	88.2	146	101	86	73	2.923767562	4.817562023
47.8	87.1	146	101	86	73	2.138212244	2.821074992
47.9	95.35	146	101	86	73	1.806919292	3.239382907
48	135.35	146	101	86	73	5.320851073	8.502908936
48.1	108.15	146	101	86	73	3.932614417	8.355952175
48.2	99.6	146	101	86	73	2.706083562	5.969746622
48.3	103.55	146	101	86	73	2.125731719	3.952999145
48.4	92.1	146	101	86	73	2.454486658	5.004113308
48.5	88.75	144.3	101.85	85.15	72.15	2.191663305	3.908631283
48.6	87.35	144	102	85	72	3.132576277	3.864700162
48.7	87	144	102	85	72	2.298312027	3.171473657
48.8	131.6	144	102	85	72	4.145058081	7.950621248
48.9	107.55	144	102	85	72	4.225783337	8.143513516
49	97.6	144	102	85	72	2.940901901	5.012651844
49.1	102.8	144	102	85	72	2.014918165	4.238928518
49.2	92	145	101.5	84.5	72	1.727501602	4.412673531
49.3	87.95	146	101	84	72	2.329405218	3.597006213
49.4	87.05	146	101	84	72	1.745687373	3.284510587
49.5	90.5	146	101	84	72	1.855770018	3.616852175
49.6	134.65	146	101	84	72	3.944858732	11.51169171
49.7	106.6	146	101	84	72	3.923312732	4.944543667
49.8	97.7	146	101	84	72	2.379341191	3.992158353
49.9	103.3	146	101	84	72	1.878325698	6.978347238
50	91.3	146.25	101	84.25	72	2.353782298	3.825131152
50.1	88.7	147	101	85	72	2.803772637	4.108759775
50.2	87.75	147	101	85	72	2.041144194	4.081858186
50.3	119.9	147	101	85	72	3.019625756	4.813290504
50.4	121.95	147	101	85	72	6.311916144	9.699455947
50.5	103.55	147	101	85	72	4.327429546	6.228240671
50.6	103.9	147	101	85	72	2.233861012	6.091618348
50.7	99.35	147	101	85	72	2.228225816	4.147548316
50.8	90.65	147.6	100.4	84.7	72.9	2.797432179	3.875510047
50.9	89.8	149	99	84	75	2.370093166	5.326554972
51	99.3	149	99	84	75	2.908246584	3.140718573
51.1	138.1	149	99	84	75	6.102022463	8.506495685
51.2	112.25	149	99	84	75	4.973205627	10.2070252
51.3	103.05	149	99	84	75	3.13158135	5.640454629
51.4	107.15	149	99	84	75	2.548781353	7.2915686
51.5	94.6	149	99	84	75	2.391307529	4.556542702
51.6	91.9	150.35	99.9	85.35	77.7	3.277327198	4.670700815
51.7	90.2	152	101	87	81	2.621284829	5.954045509
51.8	97.75	152	101	87	81	2.364171483	2.755496118
51.9	140.15	152	101	87	81	6.802208664	15.17880247
52	115.85	150.95	101	87	81	5.517300461	7.585419692
52.1	105.2	149	101	87	81	2.997385855	6.206197389
52.2	107.9	149	101	87	81	3.369451914	8.656438735
52.3	96.4	149	103	88	81	2.17263734	5.095507997
52.4	92.05	149	103	88	81	2.106284392	3.487014213
52.5	90	149	103	88	81	3.004107011	3.624710849
52.6	89.65	149	103	88	81	2.847669431	3.400184829
52.7	136.3	149	103	88	81	3.883876939	7.865531617
52.8	116.8	149	103	88	81	5.249021367	11.9645786
52.9	103.85	149	103	88	81	3.495913972	5.415286011
53	107.7	149	103	88	81	2.606497404	7.985260919
53.1	97.45	148.55	103.45	88	77.85	2.719772146	5.150817764
53.2	91.7	148	104	88	74	2.777347013	3.236621386
53.3	90.65	148	104	88	74	2.30820969	4.845769363
53.4	88.2	148	104	88	74	2.830782799	4.036641748
53.5	116.7	148	104	88	74	3.002183098	4.226445626
53.6	124.75	148	104	88	74	5.701002715	10.3501346
53.7	102.8	148	104	88	74	4.115303585	5.077895366
53.8	104.6	148	104	88	74	2.871968917	4.219410265
53.9	99.3	148	104.25	88	73.75	1.64301545	11.06709108
54	90.7	148	105	88	73	2.785258613	3.909767631
54.1	89.8	148	105	88	73	1.7740031	4.488512672
54.2	88.4	148	105	88	73	2.117276812	3.3213365
54.3	104.7	148	105	88	73	2.346495687	3.210417666
54.4	133.2	148	105	88	73	6.068824962	11.81227612
54.5	107.7	148	105	88	73	3.954604502	6.684161782
54.6	103.05	148	105	88	73	2.663360805	4.825203633
54.7	103.75	148	105	88	73	2.549411696	7.07598078
54.8	92.3	148.8	103.4	87.2	71.4	2.435972276	5.196322188
54.9	90.35	149	103	87	71	2.746936291	5.444857316
55	88.55	149	103	87	71	2.53379955	3.131002904
55.1	105.75	149	103	87	71	2.55421188	4.159177714
55.2	134.5	149	103	87	71	6.207400976	8.289902908
55.3	109.2	149	103	87	71	4.797460409	9.771832026
55.4	100.3	149	103	87	71	2.551292788	4.466885773
55.5	100.85	149	103	87	71	1.709382289	9.183080902
55.6	90.65	149	103	87	71	2.637604664	5.446498609
55.7	88.2	149	103	87	71	2.298738954	2.882486362
55.8	87.75	149.55	103	87	71	2.063158855	3.17992302
55.9	88.75	150	103	87	71	1.422192912	3.269921967
56	137.5	150	103	87	71	3.349071344	8.749857911
56.1	114.25	150	103	87	71	4.060799177	12.09302373
56.2	103.6	150	103	87	71	2.328475651	6.463992956
56.3	105.8	150	103	87	71	2.350566046	5.601408432
56.4	95.85	148.7	102.45	87.55	72.5	2.109505943	4.905894195
56.5	89.9	148	103	87	75	2.50335484	4.074887114
56.6	87.6	148	103	87	75	2.632545613	3.557296433
56.7	86.35	148	103	87	75	2.555039103	3.491929484
56.8	123.7	148	103	87	75	3.099966899	5.031912264
56.9	119.9	148	103	87	75	5.743153165	12.0365126
57	104.35	148	103	87	75	3.541158012	3.844946946
57.1	103.9	148	103	87	75	2.013406594	5.755388954
57.2	98.4	147.75	102.5	87.25	74	2.050921537	5.676986
57.3	90.1	147	101	88	71	2.331945793	4.068606178
57.4	88.2	147	101	88	71	2.085924898	3.438126973
57.5	87.15	147	101	88	71	2.366338673	3.422468463
57.6	105.15	147	101	88	71	2.256804951	3.751604025
57.7	129.55	147	101	88	71	4.713296672	14.46282349
57.8	102.4	147	101	88	71	2.975223102	5.386181282
57.9	101.1	147	101	88	71	2.310089071	4.189743263
58	100.8	147	101	88	71	1.773516868	5.690613459
58.1	90.2	146	102	85	72	1.828180997	5.732154269
58.2	88.75	146	102	85	72	1.623868882	3.33954035
58.3	87.35	146	102	85	72	1.707575995	3.78701962
58.4	94.35	146	102	85	72	2.015167323	3.30159785
58.5	135.45	146	102	85	72	4.541059813	10.59785389
58.6	106.35	146	102	85	72	4.05698018	6.700185673
58.7	100.45	146	102	85	72	2.060233437	8.27557146
58.8	103.35	146	102	85	72	2.273994784	7.139056671
58.9	91.85	146	102	85	72	2.161250968	5.70564001
59	87.85	144.2	101.1	85.9	72	2.226329372	3.671726021
59.1	86.2	144	101	86	72	2.514792069	2.590909171
59.2	83.9	144	101	86	72	2.676462156	2.985043466
59.3	112.45	144	101	86	72	3.162914124	5.432698061
59.4	121.55	144	101	86	72	5.97662761	7.514940123
59.5	100.15	144	101	86	72	3.962352996	4.940913842
59.6	100.45	144	101	86	72	2.578865903	5.162276203
59.7	97.1	144.45	100.55	86	72.45	3.241811275	4.833144581
59.8	88.3	145	100	86	73	2.37944845	3.437417255
59.9	87.55	145	100	86	73	2.381482515	4.261268506
60	85.8	145	100	86	73	1.791885094	5.154280587
60.1	118.45	145	100	86	73	2.380469402	5.080522216
60.2	122.9	145	100	86	73	6.305293274	9.133053654
60.3	101.1	145	100	86	73	4.39346617	6.567336848
60.4	106.45	145	100	86	73	4.1360205	6.224323058
60.5	98.7	145	100	86	73	3.933139721	5.685894039
60.6	93	143.3	99.15	86	70.45	3.271025296	5.395618391
60.7	90.45	143	99	86	70	2.863128948	4.083961306
60.8	113.15	143	99	86	70	2.899178037	5.205055478
60.9	126.95	143	99	86	70	7.626710413	12.21212591
61	99.15	143	99	86	70	5.63461916	5.564987511
61.1	112.55	143	99	86	70	5.080094418	5.733029272
61.2	100	143	99	86	70	3.850457038	5.539235081
61.3	95	143	99	86	70	3.1584744	4.988313982
61.4	93.05	144.8	99	83.3	74.5	2.836611735	4.822575438
61.5	119.95	145	99	83	75	3.929700052	4.86025665
61.6	118.95	145	99	83	75	5.700970782	6.585300429
61.7	96.1	145	99	83	75	3.342862846	4.177895248
61.8	106.9	145	99	83	75	2.808669101	5.63394892
61.9	95	145	99	83	75	2.231367208	4.541871881
62	90.4	145	99	83	75	3.25392129	3.303488703
62.1	89.25	144	101.5	84.5	79.5	2.457717373	4.730650092
62.2	88.4	143	104	86	84	2.448200797	3.897903809
62.3	130.3	143	104	86	84	5.038084192	7.917390757
62.4	101.75	143	104	86	84	4.602704867	6.397545483
62.5	94.6	143	104	86	84	3.260920397	3.94209123
62.6	102.85	143	104	86	84	2.359031143	6.392424339
62.7	90.1	143	104	86	84	2.448061991	5.2526394
62.8	87.6	143	105.7	89.4	85.7	3.082447594	3.261257216
62.9	86.7	143	106	90	86	2.473458248	2.987093006
63	85.25	143	106	90	86	2.447592543	3.537743503
63.1	87.05	143	106	90	86	1.750070552	2.024391943
63.2	130.5	143	106	90	86	4.336419562	8.988679061
63.3	94.4	143	106	90	86	3.134703323	5.65050686
63.4	94.65	143	106	90	86	2.62419835	4.36298415
63.5	99.75	141.4	105	90.4	84.4	1.558923438	5.506995977
63.6	87.3	135	101	92	78	2.372671358	2.807641571
63.7	85.45	135	101	92	78	1.889639554	2.670046001
63.8	84.15	135	101	92	78	2.222023796	2.886816749
63.9	82.75	135	101	92	78	1.920658532	3.160087855
64	80.3	135	101	92	78	2.024293892	2.633012377
64.1	116.9	135	101	92	78	3.75327132	5.056748246
64.2	99.15	135	101	92	78	3.289188689	5.729000126
64.3	86	135	101	92	78	2.345824308	2.816059385
64.4	98.35	135	99.25	89.9	74.5	1.761583499	4.163490302
64.5	86.2	135	96	86	68	1.84846753	2.831045509
64.6	82.9	135	96	86	68	1.87619749	3.792388654
64.7	82.05	135	96	86	68	1.944157963	3.463519203
64.8	80.75	135	96	86	68	1.269068194	2.696482898
64.9	78.75	135	96	86	68	1.648007045	2.847501151
65	98.45	135	96	86	68	2.36334596	4.403953671
65.1	106.7	135	96	86	68	4.05906108	8.094694524
65.2	80.6	135	96	86	68	2.43824572	3.161396679
65.3	94.1	134.65	95.85	85.8	67.8	1.381238148	4.781531996
65.4	86.8	126.6	93	82	64	1.104003324	3.953691846
65.5	81.05	121	93	82	64	1.73008994	4.362129513
65.6	80.8	121	93	82	64	1.867508552	2.746304725
65.7	80.2	121	93	82	64	1.841553028	3.78970434
65.8	78.2	121	93	82	64	1.727260042	3.681012948
65.9	94.85	121	93	82	64	1.301849926	4.477416181
66	102.95	121	91.2	80.2	64	3.96104288	7.244783529
66.1	78.2	121	90	79	64	1.305142141	3.702553616
66.2	92.05	117.4	90	79	64	1.125062563	4.48431945
66.3	85.3	117	90	79	64	0.722745424	3.773293599
66.4	79.75	117	90	79	64	1.616886028	3.964859376
66.5	79.55	117	90	79	64	1.961292438	2.905229612
66.6	78.75	117	90	79	64	1.65218233	2.875257478
66.7	76.55	117	90	79	64	1.734168379	4.664121817
66.8	95.2	117	90	79	64	2.334195458	4.359609937
66.9	97.95	117	90	79	64	2.876266322	11.49323663
67	76.75	117	90	79	64	1.798742954	3.578131508
67.1	90.6	117	90	79	64	1.627089064	6.206859996
67.2	82.2	117	90	79	64	1.12792202	4.088003896
67.3	78.05	116.4	89.7	78.9	64.2	1.714871097	4.674348229
67.4	77.95	111	87	78	66	0.882220633	3.115310034
67.5	77.45	111	87	78	66	1.715867439	2.870794713
67.6	75.3	111	87	78	66	1.646833313	2.336706671
67.7	95.1	111	87	78	66	1.832573283	4.864238561
67.8	91.35	111	87	78	66	4.054781089	6.312253801
67.9	75.55	111	87	78	66	2.201069976	3.423282643
68	90.6	111	87	78	66	1.100376792	7.442264832
68.1	81.1	110.2	85.4	77.2	66.8	1.42601296	3.519447921
68.2	77.5	110	85	77	67	1.143965631	3.466679862
68.3	78.05	110	85	77	67	1.467645167	3.509591907
68.4	77.6	110	85	77	67	1.122712212	3.261342328
68.5	76.75	110	85	77	67	1.317368912	2.583988154
68.6	103.5	110	85	77	67	2.410523185	8.513071645
68.7	80.4	110	85	77	67	2.09938144	6.573545399
68.8	81.45	110	85	77	67	1.444421151	3.346643957
68.9	88.1	110	85	77	67	1.071876335	6.099910678
69	78.2	110	83.2	75.2	67	0.871112388	4.470233668
69.1	77.9	110	83	75	67	1.080293423	3.247105378
69.2	78	110	83	75	67	1.114173619	1.954098164
69.3	76.4	110	83	75	67	0.805037892	4.147882959
69.4	89.4	110	83	75	67	1.360255582	3.916093914
69.5	96.5	110	83	75	67	3.126723578	8.398833918
69.6	76	110	83	75	67	1.182647437	3.524192383
69.7	88.95	110	83	75	67	1.352481309	3.982114469
69.8	82.35	109.75	83	75	67.5	1.391359889	3.797958422
69.9	77.95	109	83	75	69	1.478480096	3.069841114
70	78.15	109	83	75	69	1.451940697	3.347943014
70.1	77.35	109	83	75	69	1.192816382	3.109603484
70.2	81.7	109	83	75	69	1.142679989	3.487662647
70.3	102.1	109	83	75	69	4.096467248	5.35385292
70.4	79.4	109	83	75	69	2.452019003	3.838484454
70.5	90.95	109	83	75	69	1.352335344	4.524807336
70.6	91.3	109	83	75	69	1.419522378	3.763907332
70.7	91.45	109	83	75	69.75	0.902187772	2.282079855
70.8	91.35	109	83	75	70	1.419430634	3.106938136
70.9	91.5	109	83	75	70	2.08227729	2.68402795
71	91.4	109	83	75	70	0.927578194	2.433020756
71.1	91.25	109	83	75	70	4.436417268	7.042682083
71.2	96.9	109	83	75	70	1.975635312	4.800326938
71.3	98.85	109	83	75	70	1.340574616	3.634533457
71.4	98.8	109	83	75	70	1.474743287	4.087323915
71.5	98.95	109	83	75	70.5	1.146842586	4.034203445
71.6	98.9	109	83	75	72	1.400954075	4.0128911
71.7	98.8	109	83	75	72	1.073591672	3.321067063
71.8	98.95	109	83	75	72	1.730329131	3.764120126
71.9	99.15	109	83	75	72	3.209679183	5.632377617
72	91.25	109	83	75	72	2.094554173	5.618053014
72.1	86.95	109	83	75	72	1.770157341	4.483534724
72.2	86.85	109	83	75	72	2.264910968	4.308696748
72.3	86.95	109	83	75	74.6	1.686208818	3.055002514
72.4	87.05	109	83	75	76	1.172507636	2.909205853
72.5	87	109	83	75	76	1.796819495	3.230436924
72.6	87.25	109	83	75	76	1.491741108	3.273967529
72.7	87	109	83	75	76	4.55086907	9.242488353
72.8	83.75	109	83	75	76	2.295141492	5.393720614
72.9	89	109	83	75	76	1.661497974	3.917906095
73	98.15	109	83	75	76	2.385734688	5.638111935
73.1	88.6	118.5	83	75	74.5	1.747364917	3.957896058
73.2	86.9	128	83	75	73	1.749090618	3.914253
73.3	86.65	128	83	75	73	1.358880629	3.507736907
73.4	91.15	128	83	75	73	1.262775128	3.671860219
73.5	118.6	128	83	75	73	4.176887811	9.874642863
73.6	89.3	128	83	75	73	2.800805985	3.037838004
73.7	100.15	128	83	75	73	2.227599448	6.402079132
73.8	96.6	128	83	75	73	2.44384134	4.16398728
73.9	89.2	130.25	83	75	76	1.879061172	5.51225224
74	89	131	83	75	77	1.066392649	4.35101211
74.1	88.2	131	83	75	77	1.64599525	3.430467965
74.2	91.3	131	83	75	77	0.940941632	3.954158855
74.3	121.9	131	83	75	77	4.46847439	10.83043676
74.4	92.55	131	83	75	77	2.989003071	5.512983595
74.5	101.5	131	83	75	77	2.938026128	4.748297438
74.6	99.3	131	83	75	77	2.523627908	7.519386409
74.7	90.85	133.5	83	75	74.5	2.005670738	4.419875308
74.8	90.8	136	83	75	72	1.826825231	5.054985685
74.9	89.05	136	83	75	72	1.45535111	3.56538702
75	86.75	136	83	75	72	1.490267492	3.596896475
75.1	117.4	136	83	75	72	3.434393366	9.0056811
75.2	107.1	136	83	75	72	3.590740863	10.29924592
75.3	97.3	136	83	75	72	3.070761761	4.51520612
75.4	106.5	136	83	75	72	2.849775666	5.44936519
75.5	94.65	136	83	75	72	2.510522489	3.96259851
75.6	92.3	136	83	75	72	2.471641613	5.539108968
75.7	91.95	137.65	89.6	79.95	73.1	1.822534601	3.423232407
75.8	89.75	139	95	84	74	1.678895268	4.91746727
75.9	95.45	139	95	84	74	1.648635521	3.95985399
76	127.4	139	95	84	74	4.434767118	6.81407612
76.1	97.25	139	95	84	74	3.220616493	4.618771895
76.2	105.95	139	95	84	74	2.501250355	5.256312277
76.3	102.15	139	95	84	74	2.408436167	7.190573718
76.4	94	142	97	85	71	2.17804676	4.539774558
76.5	93.55	142	97	85	71	2.221972284	4.345257153
76.6	92.1	142	97	85	71	1.818629016	3.999233089
76.7	89.05	142	97	85	71	1.866226545	4.354269962
76.8	116.45	142	97	85	71	2.926728403	7.059356174
76.9	115.7	142	97	85	71	4.575024517	8.950526656
77	100.95	142	97	85	71	2.99946823	8.618346455
77.1	110.3	142	97	85	71	3.807862606	7.556143588
77.2	98.85	143.35	97.9	85.9	70.55	3.17173045	5.536313134
77.3	95.6	145	99	87	70	2.474647109	4.054799988
77.4	95.3	145	99	87	70	2.094297252	4.457023743
77.5	92.9	145	99	87	70	2.316760381	4.731117846
77.6	90.15	145	99	87	70	1.575385862	4.01532169
77.7	131.4	145	99	87	70	4.920699736	7.667770875
77.8	107.95	145	99	87	70	3.938125754	8.99161558
77.9	106.6	145	100	87	70	3.590811335	6.793393112
78	110.4	145	100	87	70	3.035493232	5.691306886
78.1	98.45	145	100	87	70	1.496613921	5.437540005
78.2	97.05	145	100	87	70	2.052965957	6.316931614
78.3	95.7	145	100	87	70	1.191656721	5.078606904
78.4	92.9	145	100	87	70	1.692317005	5.521896041
78.5	92.55	145	100	87	70	1.191160548	3.833015869
78.6	135.9	145	100	87	70	5.465541598	7.218940379
78.7	105.95	145	100	87	70	4.34588475	6.696357887
78.8	107.95	145	100	87	70	2.892052731	5.832754719
78.9	109.65	145.6	100.4	87	69.8	3.359904945	7.471069784
79	98	148	102	87	69	2.661573557	4.366768897
79.1	96.95	148	102	87	69	2.346283287	5.354948319
79.2	94.9	148	102	87	69	2.504684084	4.239855864
79.3	92.1	148	102	87	69	1.71458282	4.217433812
79.4	90.2	148	102	87	69	1.457824225	4.335137801
79.5	133.5	148	102	87	69	5.023808994	10.12683939
79.6	107.6	148	102	87	69	4.792519588	6.405142465
79.7	106.35	148	102	87	69	3.034318043	5.674876058
79.8	110.7	148	102	87	69	2.983406263	6.661857947
79.9	97.65	148	102.75	87.75	67.5	2.205751363	5.000307988
80	96.4	148	103	88	67	2.185107231	4.866164693
80.1	94.8	148	103	88	67	1.731821456	5.792645995
80.2	91.8	148	103	88	67	2.13937187	4.916002333
80.3	89.35	148	103	88	67	2.430209333	3.360757805
80.4	116.85	148	103	88	67	2.648201354	6.876015366
80.5	119.95	148	103	88	67	4.871426376	12.0230816
80.6	102.95	148	103	88	67	3.056297311	5.30090313
80.7	111.55	148	103	88	67	3.021768034	5.769564361
80.8	100	148	103	88	67	3.074922692	5.687058957
80.9	95.95	147.6	103	88.2	66.8	2.607251785	4.802660112
81	94.9	146	103	89	66	2.078262739	4.627367904
81.1	92.05	146	103	89	66	2.081590789	4.222180998
81.2	89.8	146	103	89	66	2.033518126	4.543799258
81.3	93.45	146	103	89	66	2.214770197	3.671581663
81.4	134.4	146	103	89	66	5.77531773	13.23050743
81.5	100.9	146	103	89	66	4.426258035	6.841000108
81.6	106.9	146	103	89	66	2.791124526	5.3050656
81.7	105.75	145.15	103	89	64.3	3.753207217	6.638790788
81.8	95	145	103	89	64	2.354968286	3.555569509
81.9	94.75	145	103	89	64	2.08560147	3.59945871
82	93.1	145	103	89	64	2.165099764	4.834375624
82.1	90.1	145	103	89	64	2.316534448	4.369025371
82.2	88	145	103	89	64	1.988452481	3.399925406
82.3	128.75	145	103	89	64	3.688691109	8.229525196
82.4	105.05	145	103	89	64	4.847858779	8.018220087
82.5	101.65	145	103	89	64	2.518524676	5.114600633
82.6	108.25	144.2	102.6	88.6	63.6	2.348717135	5.699112084
82.7	94.8	143	102	88	63	2.421255385	4.179163935
82.8	93.2	143	102	88	63	2.382941604	2.760740322
82.9	91.85	143	102	88	63	2.504041895	4.067452229
83	89.15	143	102	88	63	2.458507646	3.160535755
83.1	86.4	143	102	88	63	1.90349365	3.700275071
83.2	118.4	143	102	88	63	3.234107141	6.714095003
83.3	110.4	143	102	88	63	4.592105383	5.456153261
83.4	97.5	143	102	88	63	2.980099521	5.713353434
83.5	107.1	142.8	101.9	87.9	63.1	3.47767276	6.696998709
83.6	94.65	141	101	87	64	2.270963755	6.426799707
83.7	91.5	141	101	87	64	1.927077258	3.815806691
83.8	90.7	141	101	87	64	1.85189689	3.07476713
83.9	88.55	141	101	87	64	2.702539315	4.868868699
84	85.9	141	101	87	64	2.381261187	4.018208006
84.1	112.2	141	101	87	64	2.293239377	6.987171317
84.2	112.75	141	101	87	64	5.878224083	9.55421727
84.3	94.85	141	101	87	64	1.864865445	4.579979088
84.4	106.3	141	101	87	64	2.093828773	6.190858688
84.5	94.2	141.95	100.05	87	64.95	1.679865942	5.682855414
84.6	90.65	142	100	87	65	2.186374147	3.750608474
84.7	90.3	142	100	87	65	2.185832654	4.796962983
84.8	87.95	142	100	87	65	1.824971365	5.047251882
84.9	86.25	142	100	87	65	1.998855136	3.104611907
85	98.2	142	100	87	65	2.006705326	3.825473403
85.1	124.65	142	100	87	65	6.400993924	13.43731231
85.2	92.8	142	100	87	65	3.007908493	7.239765066
85.3	105.55	142	100	87	65	1.64600737	7.930876553
85.4	98.4	142	98.3	85.3	65.85	2.137256652	7.402727993
85.5	90.9	142	98	85	66	2.577337605	3.970541105
85.6	91.15	142	98	85	66	2.262981797	4.655209277
85.7	89.1	142	98	85	66	1.505408186	3.625640525
85.8	87.3	142	98	85	66	2.376196682	2.987933049
85.9	90.95	142	98	85	66	2.249239998	4.501742315
86	129.15	142	98	85	66	5.467621337	16.94354929
86.1	93.75	142	98	85	66	3.458933176	6.078489938
86.2	103.2	142	98	85	66	2.682242255	6.752459055
86.3	101.3	141.45	97.45	84.45	64.9	2.080841041	5.359280168
86.4	91.35	141	97	84	64	2.624165519	3.714157557
86.5	91.35	141	97	84	64	1.936421816	3.588339008
86.6	89.75	141	97	84	64	1.811540668	3.194236912
86.7	87.45	141	97	84	64	1.806509469	4.054215706
86.8	87.8	141	97	84	64	1.788911926	2.733588047
86.9	128.8	141	97	84	64	3.637241131	6.550984308
87	95.6	141	97	84	64	3.453196196	5.773058693
87.1	100.4	141	97	84	64	2.527703143	5.073240643
87.2	103.15	140.6	97	84.4	64.4	2.597660596	8.636603742
87.3	91.45	140	97	85	65	2.241995873	3.911879909
87.4	91.25	140	97	85	65	1.696631257	4.541491761
87.5	89.7	140	97	85	65	1.468684826	4.637525166
87.6	87.75	140	97	85	65	1.621813852	4.539544796
87.7	89	140	97	85	65	1.455717212	4.202042755
87.8	128.6	140	97	85	65	3.989290388	14.13963025
87.9	94.65	140	97	85	65	3.719430856	8.95233512
88	101.7	139.45	97	85	65	3.027591984	5.233003814
88.1	102.1	139	97	85	65	2.482210137	6.3909818
88.2	91.2	139	97	85	65	1.162455565	3.761044241
88.3	91	139	97	85	65	2.031459809	6.125693458
88.4	89.75	139	97	85	65	1.969336883	3.393286028
88.5	87.35	139	97	85	65	2.342279094	3.458525681
88.6	93.4	139	97	85	65	2.163344206	3.211460107
88.7	125.65	139	97	85	65	4.675360403	12.29826016
88.8	91.6	139	97	85	65	2.997429784	6.335783485
88.9	103.7	139	97	85	65	2.856359118	5.453232858
89	98.65	138.7	97	85	65.6	1.996859304	5.223971641
89.1	90.5	138	97	85	67	2.706233311	5.133012455
89.2	90.45	138	97	85	67	2.054301844	4.57999358
89.3	89.1	138	97	85	67	0.855081402	4.611244424
89.4	86.65	138	97	85	67	2.195613299	4.521268826
89.5	101.9	138	97	85	67	2.480830842	3.888815888
89.6	117.6	138	97	85	67	5.169963951	6.803903155
89.7	91.55	138	97	85	67	3.237488468	5.102513949
89.8	105.15	138	97	85	67	2.409816862	7.997167379
89.9	94.85	136.2	97	85	67.45	1.958364556	4.387186124
90	90.05	134	97	85	68	1.890312819	3.86112853
90.1	90.15	134	97	85	68	2.223497546	4.275633154
90.2	88.6	134	97	85	68	1.676318168	4.422627565
90.3	85.65	134	97	85	68	1.905985374	2.505627735
90.4	118.05	134	97	85	68	3.43936795	7.241734474
90.5	97.25	134	97	85	68	4.954922609	7.541921935
90.6	92.3	134	97	85	68	2.332482811	4.218147166
90.7	99.85	134	97	85	68	2.663590943	4.547517756
90.8	88.25	127.5	97	85	68	2.681985114	4.072182792
90.9	87.05	124	97	85	68	2.697861284	3.980195953
91	86.75	124	97	85	68	2.746829822	3.446808598
91.1	84.6	124	97	85	68	2.178420339	3.737081871
91.2	84.9	124	97	85	68	2.34770563	4.264183388
91.3	115.75	124	97	85	68	4.225519731	9.425955743
91.4	87.65	124	97	85	68	2.182234214	5.126257699
91.5	92.55	124	97	85	68	1.546884713	4.119970326
91.6	93.2	124.9	97	85	68.1	1.50237711	3.960159273
91.7	85.45	142	97	85	70	1.832431565	3.321546191
91.8	84.1	142	97	85	70	2.434267487	2.780662588
91.9	84.2	142	97	85	70	1.762786471	3.641521247
92	95.5	142	97	85	70	1.739474535	3.702168946
92.1	128.95	142	97	85	70	5.635624603	12.85261706
92.2	104.5	142	97	85	70	3.331864298	6.195699773
92.3	103.9	142	97	85	70	2.430713297	4.726890495
92.4	102.9	142	97	85	70	2.657504584	6.777327856
92.5	93.45	145.25	96	84.75	69.5	1.973259552	5.988986043
92.6	91.85	155	93	84	68	2.23238605	4.436717475
92.7	92.15	155	93	84	68	3.013565547	4.431511896
92.8	140.35	155	93	84	68	4.615392051	7.580602594
92.9	125.4	155	93	84	68	4.47337781	9.960966535
93	115.7	155	93	84	68	4.733436592	6.923378196
93.1	114.7	155	93	84	68	4.103074073	4.301795147
93.2	104.6	155	93	84	68	2.999498975	7.936162261
93.3	99.55	155	93	84	68	2.630834152	6.288259952
93.4	97.15	155	93	84	68	3.112686202	5.572583183
93.5	140.05	160.2	93	84	68	3.810312835	7.407238959
93.6	137.8	163	93	84	68	5.729904631	13.46733874
93.7	124.75	163	93	84	68	6.07282223	13.95695101
93.8	118	163	93	84	68	3.909776152	9.491153292
93.9	110.35	163	93	84	68	3.568227295	11.06095247
94	102.8	164.4	92.6	83.6	70	3.256089899	5.538705638
94.1	99.95	170	93.4	82.2	78.6	2.818609874	5.303992999
94.2	97.3	170	103	83	81	3.626567962	7.429576879
94.3	120.25	170	103	83	81	2.818225077	7.520584262
94.4	151.85	170	103	83	81	7.146026026	11.99817009
94.5	134.5	170	103	83	81	7.874150623	12.13213399
94.6	119.5	170	103	83	81	4.986933723	11.72473931
94.7	119	170	103.5	83.35	81.15	4.686543855	9.013933676
94.8	107.9	170	113	90	84	3.206322137	11.33176673
94.9	104.05	170	113	90	84	3.419996712	5.577144761
95	101.15	170	113	90	84	2.820343374	9.13151994
95.1	97.1	170	113	90	84	2.998425634	3.796710871
95.2	94.3	170	113	90	84	2.523068877	3.640231477
95.3	115.2	170	113	90	84	2.689353588	4.071797833
95.4	153.45	170	113	90	84	7.205573843	19.05358558
95.5	135.2	170	113	90	84	6.689138409	11.15364471
95.6	121.1	170.7	114.4	94.2	75.6	4.91813277	10.10398781
95.7	121.4	171	115	96	72	5.515842812	10.41664242
95.8	109.65	171	115	96	72	4.230138375	8.618731963
95.9	105.9	171	115	96	72	3.281963013	4.720259269
96	103.4	171	115	96	72	3.418364557	7.73337843
96.1	99.75	171	115	96	72	2.899479403	5.546380678
96.2	105.4	171	115	96	72	2.996988449	4.766777108
96.3	158.8	171	115	96	72	7.775730185	13.93015402
96.4	140.45	171	115	96	72	7.464252857	13.46424598
96.5	122.1	171	115	96	72	6.7726654	11.69516752
96.6	126	171	115	95.4	68.1	4.504078553	10.04934553
96.7	112.15	171	115	94	59	3.920748411	8.726605622
96.8	106.9	171	115	94	59	3.762415094	6.348832356
96.9	103.8	171	115	94	59	3.064906362	5.115632044
97	99.55	171	115	94	59	2.958709135	6.005428461
97.1	97.6	171	115	94	59	3.123948054	4.94083197
97.2	98.65	171	115	94	59	2.152776314	4.245432445
97.3	156.15	171	115	94	59	6.376407573	14.29976718
97.4	142.9	171	115	94	59	7.492936005	10.63005773
97.5	128.8	171	115	94	59	6.570420973	8.150164405
97.6	125.35	171	115	94	59	4.636062686	11.13627676
97.7	114.25	170.4	116.8	93.4	62.6	4.040778735	6.141796935
97.8	106.7	170	118	93	65	4.009221212	5.301575847
97.9	103.9	170	118	93	65	3.490440947	6.23559876
98	99.85	170	118	93	65	3.447476757	4.251937926
98.1	95.95	170	118	93	65	2.852618744	4.986848256
98.2	93.45	170	118	93	65	3.243931143	4.796280807
98.3	91.15	170	118	93	65	2.936200752	2.921175757
98.4	89.4	170	118	93	65	2.960768517	2.73849836
98.5	88.6	170	118	93	65	2.406574773	2.751717361
98.6	141.1	170	118	93	65	3.881088106	9.432759865
98.7	138.05	168.8	117.7	94.2	63.2	7.15405662	10.34966898
98.8	132.25	166	117	97	59	5.958005865	11.6172722
98.9	118.2	166	117	97	59	3.777061454	6.110662812
99	113.8	166	117	97	59	4.128641096	6.882586754
99.1	104.5	166	117	97	59	3.621506543	6.016933061
99.2	100.45	166	117	97	59	3.476819031	4.367806144
99.3	97.3	166	117	97	59	2.925535661	6.307821443
99.4	93.4	166	117	97	59	2.436817776	3.930601912
99.5	90.45	166	117	97	59	2.761871397	3.074585771
99.6	88.9	166	117	97	59	2.524560488	3.714614315
99.7	88.5	166	117	97	59	2.057304571	3.114417468
99.8	140.6	165.7	116.65	96.85	58.3	4.117003527	6.012811538
99.9	130.1	160	110	94	45	6.467836914	12.75388061
100	123.75	160	110	94	45	5.716312746	6.712183638
100.1	113.55	160	110	94	45	3.383026564	7.632437109
100.2	108.45	160	110	94	45	3.16337433	6.278820015
100.3	99.45	160	110	94	45	2.47729885	5.008841898
100.4	96.05	160	110	94	45	2.988835334	5.311379185
100.5	93.45	160	110	94	45	2.398322359	3.989180715
100.6	89.9	160	110	94	45	2.874911018	6.148795101
100.7	87.65	160	110	94	45	2.933102234	3.228945365
100.8	86.5	160	110	94	45	3.069988242	3.229168715
100.9	131.05	160	110	94	45	4.185345015	5.711548843
101	125.95	159.4	109.85	93.1	45.75	6.317969079	10.60197193
101.1	118.25	156	109	88	50	4.390914433	12.38810031
101.2	108.5	156	109	88	50	3.437732167	10.68265146
101.3	104.95	156	109	88	50	2.927870656	10.300198
101.4	95.7	156	109	88	50	3.145305216	4.377245343
101.5	92.9	156	109	88	50	2.54194494	3.6962991
101.6	90.35	156	109	88	50	3.111508944	2.90819474
101.7	87.5	156	109	88	50	2.619461817	4.924069905
101.8	85.05	156	109	88	50	3.007901515	3.099524165
101.9	116.05	156	109	88	50	2.659055954	3.862918448
102	129.05	156	109	88	50	4.986262159	11.17625528
102.1	116	156	109	88	50	5.364784649	11.23017904
102.2	103.8	153	106	87	54	3.369485668	6.340559615
102.3	104.5	153	106	87	54	2.534448956	6.450772846
102.4	93.8	153	106	87	54	2.568611719	4.421343259
102.5	90.3	153	106	87	54	2.472054949	4.954325096
102.6	88.3	153	106	87	54	3.114496919	3.40010286
102.7	85.95	153	106	87	54	2.573582775	3.432016964
102.8	89.05	153	106	87	54	2.359634862	2.622930469
102.9	138.7	153	106	87	54	5.347250941	8.11220969
103	116.15	153	106	87	54	4.629804384	10.69881145
103.1	107.3	153	106	87	54	4.304573753	6.07982496
103.2	104.1	150.6	104.4	86.2	58	2.936570542	8.577736236
103.3	95.7	150	104	86	59	3.191295244	5.505267296
103.4	89	150	104	86	59	3.480288743	5.325104347
103.5	86.95	150	104	86	59	3.001680145	3.938511565
103.6	84.55	150	104	86	59	2.836373666	3.894999018
103.7	82.05	150	104	86	59	1.845600198	3.082008383
103.8	94.05	150	104	86	59	2.531682415	2.523064957
103.9	135.45	150	104	86	59	6.250510941	10.58648305
104	113.75	150	104	86	59	5.42511022	10.62674234
104.1	101.7	149.3	103.3	85.65	60.4	3.825756005	4.68875832
104.2	101.5	148	102	85	63	2.582320495	4.365376191
104.3	91.9	148	102	85	63	2.221705149	4.919783309
104.4	86.1	148	102	85	63	2.864688833	2.413214718
104.5	84.25	148	102	85	63	2.471517629	2.870131593
104.6	81.75	148	102	85	63	2.826287402	2.465761558
104.7	79.6	148	102	85	63	3.048822579	2.502057285
104.8	91.85	148	102	85	63	2.031090777	2.349113351
104.9	132.6	148	102	85	63	4.802272721	13.68442876
105	109.8	148	102	85	63	4.804311517	10.6045752
105.1	98.4	146.35	100.35	84.45	61.9	3.619960476	4.006974844
105.2	98.45	145	99	84	61	2.452812844	5.539074963
105.3	89.45	145	99	84	61	2.306186429	3.35863746
105.4	83.4	145	99	84	61	2.329294256	2.47121596
105.5	80.95	145	99	84	61	2.731258958	2.883495657
105.6	79.65	145	99	84	61	2.499813821	2.30510786
105.7	77.85	145	99	84	61	2.054601066	2.326401805
105.8	118.9	145	99	84	61	2.907405228	5.950221132
105.9	110.8	145	99	84	61	4.783601286	8.548836151
106	100.1	145	99	84	61	3.10691517	6.055780143
106.1	93.35	142.8	97.9	82.35	60.45	2.330281113	3.548302462
106.2	91.1	139.8	97	81	60	2.39002981	4.175380189
106.3	82.95	137	97	81	60	3.042034119	2.686405286
106.4	80.3	137	97	81	60	2.290197222	1.752800579
106.5	79	137	97	81	60	2.136483801	3.619814531
106.6	77.25	137	97	81	60	2.322333651	2.48765914
106.7	116.25	137	97	81	60	2.564746547	4.095131084
106.8	106.95	137	97	81	60	4.246596521	8.83866462
106.9	94.2	137	97	81	60	1.694612501	8.071112526
107	91.5	137	97	81	60	1.742003466	3.496703755
107.1	88.1	136.2	95.4	78.6	62.4	2.108208838	2.774591212
107.2	81.25	136	95	78	63	2.562401495	2.538524049
107.3	79.1	136	95	78	63	2.537898566	2.572364325
107.4	78.1	136	95	78	63	2.542153424	2.647793944
107.5	98	136	95	78	63	2.747966175	2.789400713
107.6	119.9	136	95	78	63	4.885171465	12.17022319
107.7	98.4	136	95	78	63	3.581680495	4.302566204
107.8	89.85	136	95	78	63	2.985669189	3.686833602
107.9	90.75	136	95	78	63	1.933766459	3.672850373
108	81.75	136	95	78	63	2.430821913	3.558040766
108.1	78.15	136.2	94.6	77.8	63.8	2.739175401	2.446276923
108.2	77.05	137	93	77	67	1.746406505	3.158077122
108.3	85.05	137	93	77	67	1.812806455	2.285661657
108.4	125.75	137	93	77	67	3.665386901	8.381054846
108.5	101.9	137	93	77	67	3.895378751	8.451689648
108.6	91.45	137	93	77	67	2.42056884	4.969793045
108.7	91.2	137	93	77	67	1.741409187	3.980628523
108.8	83.85	136.25	91.5	76.25	70.75	1.642209084	3.67810009
108.9	78.3	136	91	76	72	2.49587663	2.441454529
109	76.5	136	91	76	72	2.535826459	2.131203444
109.1	75	136	91	76	72	1.963372772	2.203720553
109.2	87.25	136	91	76	72	1.438027974	2.223076953
109.3	124	136	91	76	72	3.7040342	15.31186386
109.4	99.85	136	91	76	72	4.144113033	11.05443322
109.5	89.5	136	91	76	72	2.530542042	4.159937001
109.6	90.55	134.5	91	76.5	72	1.94673436	4.392866112
109.7	82.5	133	91	77	72	1.677643106	2.631347935
109.8	77.8	133	91	77	72	2.625923994	2.585536945
109.9	76.35	133	91	77	72	2.259361758	2.205781009
110	75.2	133	91	77	72	1.918346454	1.686591211
110.1	110	133	91	77	72	2.999492292	4.739899226
110.2	106.8	133	91	77	72	4.531169875	8.304159731
110.3	90.9	133	91	77	72	3.19276759	3.821861006
110.4	88.15	133	91	77	72	2.038212402	3.748012045
110.5	85.75	133	90.45	75.9	69.25	2.061944917	3.683085925
110.6	78.55	133	90	75	67	1.996304683	2.876098985
110.7	76.3	133	90	75	67	2.459933384	2.104016066
110.8	75.5	133	90	75	67	2.519204061	2.16493018
110.9	101.65	133	90	75	67	1.551655248	3.148450333
111	112.95	133	90	75	67	4.598399984	9.975754113
111.1	92.75	133	90	75	67	2.957641129	6.030897313
111.2	88.35	133	90	75	67	2.266369326	3.942476811
111.3	88.2	133	90	75	67	1.793869719	3.707743085
111.4	79.8	133	90	74	70	2.267160865	2.714648792
111.5	77.35	133	90	74	70	2.264785623	3.056155233
111.6	76.4	133	90	74	70	2.014414474	2.207586703
111.7	109.15	133	90	74	70	2.447953122	2.669511178
111.8	111.1	133	90	74	70	5.463036585	12.66125079
111.9	95.7	133	90	74	70	3.056722493	4.393702968
112	89.05	133	90	74	70	2.147474635	3.384901413
112.1	88.5	133	90	74	70	1.949317689	2.677269712
112.2	80.35	133	90	74	70	2.349193237	2.840368851
112.3	77.45	134.35	89.55	74.45	71.35	2.797924598	2.790961467
112.4	76.5	136	89	75	73	2.214142602	1.868782562
112.5	93.05	136	89	75	73	2.055419315	3.044296228
112.6	122.7	136	89	75	73	4.978428539	11.11177975
112.7	101.25	136	89	75	73	3.935402398	10.53441234
112.8	90.45	136	89	75	73	1.548998195	3.19883032
112.9	92.2	136	89	75	73	1.236550934	4.384311356
113	83.4	134.1	89.95	75	75.85	2.068942425	3.937742795
113.1	79.25	134	90	75	76	2.497620033	2.317336964
113.2	78.15	134	90	75	76	2.13748316	2.240492925
113.3	77.15	134	90	75	76	1.721406312	2.086910123
113.4	118.6	134	90	75	76	3.547427567	5.321895717
113.5	107.1	134	90	75	76	3.946456586	10.09189351
113.6	94.2	134	90	75	76	3.26039057	5.201420518
113.7	91.35	134	90	75	76	2.248609895	3.60122941
113.8	88	132.7	90	75.65	73.4	2.1461512	3.795072213
113.9	81	132	90	76	72	1.969221603	3.042943111
114	79.1	132	90	76	72	1.793041914	2.428274725
114.1	78.05	132	90	76	72	1.975144106	2.491252117
114.2	88.55	132	90	76	72	1.613456137	2.429296729
114.3	121.6	132	90	76	72	5.094264324	11.82032964
114.4	95.5	132	90	76	72	4.418555632	5.609367291
114.5	89.25	132	90	76	72	1.820525137	3.095513879
114.6	90.8	132.1	90.1	75.9	71.8	2.267109496	3.622061264
114.7	82.75	133	91	75	70	2.664426044	3.107194124
114.8	79.5	133	91	75	70	1.861335647	2.217363431
114.9	78.75	133	91	75	70	2.250258854	2.808135423
115	83.65	133	91	75	70	1.604699696	2.646710684
115.1	123.6	133	91	75	70	5.781347877	9.018126227
115.2	98.3	136	91	75	70	4.43962017	7.389089092
115.3	90.1	138	91	75.65	70	1.934562208	5.197184898
115.4	93	138	91	76	70	2.563736371	4.253751266
115.5	85.45	138	91	76	70	1.692329552	4.181420801
115.6	82	138	91	76	70	2.029707822	2.302596466
115.7	81.75	138	91	76	70	1.816934284	2.719108456
115.8	92	138	91	76	70	1.995328392	3.624961645
115.9	128.8	138	91	76	70	6.373100253	9.932327147
116	103.9	138	91	76	70	3.844665831	8.107265546
116.1	93.3	138	91	76	70	2.930509967	3.599538687
116.2	93.95	138	91	76	70	1.812470873	4.381512233
116.3	86.7	138	91	76	70	1.551563038	3.407864843
116.4	82.35	138	91	76	70	2.382013374	2.451057939
116.5	81.55	136.7	91	76	70	2.150167688	2.71410417
116.6	87.75	136	91	76	70	2.504290513	2.730132784
116.7	127.35	136	91	76	70	5.415527637	10.37192284
116.8	106.55	136	91	76	70	4.417406972	11.97161544
116.9	95.6	136	91	76	70	2.225800437	6.692426772
117	97.05	136	91	76	70	2.125389856	5.253834113
117.1	89.45	137.5	91.1	76.5	72.1	1.960242929	2.841461414
117.2	84.5	139	93	77	76	2.195139354	2.858209577
117.3	83.4	139	93	77	76	2.832964264	2.698049464
117.4	81.5	139	93	77	76	2.038400477	3.117844551
117.5	110.05	139	93	77	76	2.787775509	7.20646615
117.6	120.85	139	93	77	76	5.717446899	13.86180938
117.7	104.9	139	93	77	76	3.144976833	6.608648433
117.8	96.45	139	93	77	76	2.420190437	4.275761937
117.9	96.55	139	93.8	79	75.2	2.23006213	6.582431072
118	88.3	139	95	82	74	2.34093427	4.111031344
118.1	85.15	139	95	82	74	2.281510221	2.861984506
118.2	83.95	139	95	82	74	1.835789502	2.73844118
118.3	82.25	139	95	82	74	2.513431576	2.722020548
118.4	118.9	139	95	82	74	3.381037835	5.859575882
118.5	114.55	139	95	82	74	6.053729302	9.959615734
118.6	100.7	139	95	82	74	3.233821679	6.490634915
118.7	97.8	139	95	82	74	2.235989963	4.708812445
118.8	94.8	135.7	95	81.15	70.6	1.692806593	6.404734845
118.9	87.6	135	95	81	70	2.427222945	3.069359674
119	85.6	135	95	81	70	1.961567854	2.810980536
119.1	84.55	135	95	81	70	1.833039633	2.632029294
119.2	92.75	135	95	81	70	2.026987442	2.876600888
119.3	127.65	135	95	81	70	5.244050933	10.06477495
119.4	104.45	135	95	81	70	4.1307632	8.460478216
119.5	95.65	135	95	81	70	2.081494681	4.261356161
119.6	98.8	135.1	95.1	81	69.9	1.44589879	4.615164737
119.7	90.3	137	97	81	68	2.084805416	4.040647695
119.8	87.1	137	97	81	68	2.184656856	2.202904137
119.9	86	137	97	81	68	2.335489947	2.303711187
120	86.4	137	97	81	68	2.059512978	3.287722536
120.1	126.3	137	97	81	68	4.306183407	7.006837193
120.2	110.9	137	97	81	68	5.141505858	10.87570243
120.3	99.25	137	97	81	68	3.099033878	4.836894181
120.4	100.05	137	97	81	68	2.217013249	5.878886179
120.5	93.65	137	97	81	68	2.487595047	4.208951148
120.6	88.35	137	97	81	68	2.413644605	3.90752386
120.7	87.05	138.4	97	81	69.4	2.163724536	2.68911194
120.8	84.9	139	97	81	70	1.888029505	2.686301857
120.9	110.65	139	97	81	70	2.6516492	2.905460582
121	125	139	97	81	70	5.618346733	9.965014454
121.1	109.05	139	97	81	70	3.175998275	7.338797454
121.2	99.8	139	97	81	70	2.102451437	4.703920453
121.3	100.2	139.75	97	81.75	70.5	1.731159705	4.720833169
121.4	92	142	97	84	72	2.996616161	2.70594124
121.5	89.05	142	97	84	72	2.709087992	2.509450678
121.6	88	142	97	84	72	2.213535872	2.80508143
121.7	86.9	142	97	84	72	1.764107974	2.010142583
121.8	128.1	142	97	84	72	3.59649177	3.503115328
121.9	119.5	142	97	84	72	5.886695604	12.55490348
122	106.5	142	97	84	72	3.312349292	5.749879347
122.1	103.2	142	97	84	72	2.338648386	4.828184858
122.2	98.85	142	97.85	84	71.15	2.628746683	4.77890106
122.3	92.1	142	98	84	71	2.463521273	3.503568812
122.4	89.7	142	98	84	71	1.875570467	3.34197032
122.5	88.7	142	98	84	71	2.39987415	3.450972926
122.6	86.85	142	98	84	71	2.399269162	2.673071148
122.7	128.4	142	98	84	71	3.629568368	7.560516269
122.8	118.9	142	98	84	71	5.371051446	8.385633167
122.9	105.55	142	98	84	71	3.751458018	5.883177413
123	103.75	142	98.3	84	70.7	2.295874375	7.192253525
123.1	99.15	142	100	84	69	2.196958514	4.195297353
123.2	92.5	142	100	84	69	3.026189029	3.987767812
123.3	90.8	142	100	84	69	2.81703049	3.140322866
123.4	89.5	142	100	84	69	2.466601407	3.804283161
123.5	91.45	142	100	84	69	2.294364976	2.612959104
123.6	131.95	142	100	84	69	5.564734954	12.76278368
123.7	111.75	142	100	84	69	4.299513636	7.990624363
123.8	100.35	142	100	84	69	3.139254095	5.631815879
123.9	103.6	141.9	100.15	84.15	68.55	2.040848695	5.842148269
124	95.75	142	101	85	66	2.161042117	3.907559567
124.1	91.35	142	101	85	66	2.957145387	3.614584227
124.2	90.05	142	101	85	66	2.604492441	3.005973525
124.3	88.5	142	101	85	66	1.839814528	3.511339064
124.4	109.8	142	101	85	66	3.211845235	3.769524714
124.5	128.35	142	101	85	66	5.720832935	9.127455041
124.6	108.35	142	101	85	66	3.49891132	5.715240515
124.7	102.6	142	101	85	66	2.354893321	4.73893012
124.8	102.7	143.05	101.35	85.35	66.7	2.081353916	3.21090703
124.9	94.7	145	102	86	68	2.148339166	4.055444798
125	91.6	145	102	86	68	2.805912258	3.114963764
125.1	90.5	145	102	86	68	2.807369196	3.776546265
125.2	89.5	145	102	86	68	2.377100845	2.814644274
125.3	131.7	145	102	86	68	3.475907552	7.306710501
125.4	120.7	145	102	86	68	4.378347684	5.449780126
125.5	106.95	145	102	86	68	3.849922968	5.326477395
125.6	104.7	145	102	86	68	1.400428356	5.250013784
125.7	99.65	145	102	86	68	2.557993839	4.514098308
125.8	93.25	145	102	86	68	2.981575336	3.106824499
125.9	90.7	145.95	101.05	86.95	69.9	3.001684461	3.420049488
126	89.4	146	101	87	70	2.513507326	2.996477941
126.1	86.6	146	101	87	70	2.491055178	2.426246022
126.2	115.6	146	101	87	70	2.965171631	4.223454295
126.3	129.95	146	101	87	70	6.779278806	8.082661374
126.4	113.6	146	101	87	70	4.307556944	7.558605852
126.5	115.05	146	101.2	87.2	70	3.071082512	3.040375596
126.6	115.35	146	102	88	70	2.644042279	5.948789261
126.7	115.45	146	102	88	70	2.410139311	4.063292
126.8	115.3	146	102	88	70	1.962710991	3.060279146
126.9	115.4	146	102	88	70	2.404010824	2.822254989
127	115.4	146	102	88	70	1.582738583	2.568082236
127.1	115.45	146	102	88	70	2.251010287	2.941571606
127.2	115.55	146	102	88	70	5.156017485	10.04804106
127.3	114.55	146	102	88	70	4.598107152	5.280958298
127.4	104.1	146	102	88	70	3.258012621	5.041975111
127.5	104	146	102	87.15	64.9	1.924064398	6.20816579
127.6	103.75	146	102	87	64	1.819086139	3.758420467
127.7	103.95	146	102	87	64	2.469213782	2.772344025
127.8	103.95	146	102	87	64	2.554108399	3.308659193
127.9	103.9	146	102	87	64	2.663521842	3.016485637
128	104	146	102	87	64	1.294249396	1.994291099
128.1	104.2	146	102	87	64	3.631912058	3.938460564
128.2	103.8	146	102	87	64	4.516576351	10.32050921
128.3	106	146	102	87	64	3.900118071	4.256623242
128.4	103.1	146.4	102	86.6	63.6	2.273659231	5.96436389
128.5	104.55	147	102	86	63	1.843908533	4.390621276
128.6	92.95	147	102	86	63	2.457772449	3.939696815
128.7	92.35	147	102	86	63	2.065113899	3.182606629
128.8	91.25	147	102	86	63	1.738944222	3.370728524
128.9	88.9	147	102	86	63	2.004583972	3.199726169
129	121.4	147	102	86	63	2.883354249	2.785015696
129.1	126.15	147	102	86	63	5.883310659	10.92782448
129.2	108.8	147	102	86	63	3.674427785	5.428081344
129.3	104.95	147.3	102	86	63.1	1.864340983	4.890141632
129.4	102.9	150	102	86	64	1.903000973	5.62777448
129.5	95.65	150	102	86	64	2.58848232	3.134578244
129.6	92.7	150	102	86	64	1.874545264	3.008454618
129.7	91.3	150	102	86	64	2.424417789	2.338266209
129.8	88.95	150	102	86	64	2.207973347	2.766350081
129.9	98.8	150	102	86	64	2.092151496	3.245899069
130	140.15	150	102	86	64	5.588059421	13.61499546
130.1	118.5	150	102	86	64	4.547154443	8.51063267
130.2	105.75	150	102	86	64	2.813221263	3.950351576
130.3	108	150	102	86	64.9	1.597457693	5.271527232
130.4	98.95	150	102	86	65	2.19922689	3.523393818
130.5	94.35	150	102	86	65	2.47211263	4.081362715
130.6	92.4	150	102	86	65	2.15015392	4.709323225
130.7	89.95	150	102	86	65	2.082502906	2.839885289
130.8	88.3	150	102	86	65	2.721323001	2.905922813
130.9	129.05	150	102	86	65	2.503761212	4.398701913
131	122.65	150	102	86	65	6.453781381	12.08664068
131.1	107.75	150	102	86	65	4.239723376	6.500620544
131.2	105.2	149	102.5	87.5	64.5	2.904951047	6.353234684
131.3	101.35	146.4	103	89	64	2.561574949	7.30070347
131.4	94.05	146	103	89	64	2.074492546	2.624379965
131.5	91.9	146	103	89	64	2.97295615	3.796582613
131.6	90.55	146	103	89	64	2.228962345	2.588220618
131.7	88.2	146	103	89	64	1.846095796	3.486968977
131.8	114.1	146	103	89	64	2.60207805	3.642006843
131.9	128.6	146	103	89	64	5.875259581	9.701709136
132	107.3	146	103	89	64	3.480757243	5.738042702
132.1	103.6	146.1	103.05	88.9	63.95	2.326019346	3.773183365
132.2	102.85	148	104	87	63	2.367163241	3.796679421
132.3	95.05	148	104	87	63	2.144275904	3.006252356
132.4	92.6	148	104	87	63	2.26339776	3.475105889
132.5	91.6	148	104	87	63	2.356532658	3.779190806
132.6	89.35	148	104	87	63	1.576939096	2.987152377
132.7	127.5	148	104	87	63	3.67665106	5.334520806
132.8	124.7	148	104	87	63	5.261293426	8.741404251
132.9	109.65	148	104	87	63	3.591458305	5.709292314
133	105.65	148	104	87	63	1.750405576	4.059738971
133.1	102	148	104	87	63	2.162815152	4.26295992
133.2	94.75	149.4	103.3	87.7	64.4	2.175171021	3.237520869
133.3	91.8	150	103	88	65	1.9309136	3.653162778
133.4	90.2	150	103	88	65	2.660063232	2.833756586
133.5	87.55	150	103	88	65	2.407537861	2.847647831
133.6	116.1	150	103	88	65	3.1276654	3.166945424
133.7	132.45	150	103	88	65	5.711530759	13.67826663
133.8	115.35	150	103	88	65	4.304568593	6.83553233
133.9	104.15	150	103	88	65	2.782832221	3.645763052
134	105.1	147	103	87	68	2.352585262	5.380012544
134.1	95.6	147	103	87	68	3.073136131	4.424420586
134.2	92.2	147	103	87	68	2.562270238	3.160346928
134.3	90.4	147	103	87	68	2.546323535	3.684075672
134.4	88.05	147	103	87	68	2.284929448	3.202621737
134.5	96.95	147	103	87	68	2.00104187	3.101195139
134.6	137.95	147	103	87	68	4.593482138	12.6377443
134.7	115.25	147	103	87	68	4.959108351	8.021102271
134.8	102.8	147	103	87	68	3.092712857	5.440420248
134.9	105.35	144.6	103	88.6	65.6	2.394165962	6.372749658
135	96.65	144	103	89	65	2.735768491	4.035558412
135.1	92.25	144	103	89	65	2.204610133	3.502304559
135.2	90.25	144	103	89	65	2.122187385	3.56169814
135.3	88.6	144	103	89	65	2.127678894	3.020497732
135.4	90.75	144	103	89	65	2.21880802	2.875702952
135.5	134.55	144	103	89	65	4.797387065	14.76640086
135.6	111.15	144	103	89	65	4.169778783	9.234484328
135.7	100	144	103	89	65	2.828659415	4.159693182
135.8	104	144.5	103.5	88	64.5	1.668900373	5.161534099
135.9	95.45	145	104	87	64	2.28250493	4.0764611
136	91.5	145	104	87	64	2.433476602	5.078518573
136.1	90.3	145	104	87	64	2.014531834	3.213464946
136.2	89.05	145	104	87	64	2.200561523	5.231027975
136.3	107.95	145	104	87	64	2.493905659	4.43714276
136.4	131.5	145	104	87	64	4.769905716	12.22093227
136.5	109.35	145	104	87	64	4.14435614	9.015228795
136.6	102.65	145	104	87	64	2.36213404	5.698585527
136.7	103.45	146.75	103.3	86.65	64.35	3.094806243	5.113232616
136.8	95.1	150	102	86	65	2.14200785	5.304330737
136.9	91.95	150	102	86	65	1.91503357	3.985344579
137	91	150	102	86	65	2.308591939	4.197943593
137.1	88.05	150	102	86	65	2.15032322	4.112324569
137.2	121.05	150	102	86	65	2.796910123	5.242091444
137.3	130.55	150	102	86	65	5.759972155	9.761043449
137.4	114.55	150	102	86	65	5.053949198	10.65406774
137.5	105.65	150	102	86	65	2.032964692	5.136355186
137.6	104.85	150	101.3	86	67.8	2.764467039	6.246052829
137.7	96.1	150	101	86	69	2.723996349	3.671843067
137.8	93.05	150	101	86	69	2.665754601	3.43453827
137.9	92.05	150	101	86	69	2.935667833	4.600073698
138	88.75	150	101	86	69	2.869754126	3.178610583
138.1	120.15	150	101	86	69	3.181584318	4.626800589
138.2	130.35	150	101	86	69	6.734260302	9.660728138
138.3	112.45	150	101	86	69	4.356686768	12.94192933
138.4	105.25	150	101	86	69	2.642883143	5.148450799
138.5	104.5	146.6	101.85	87.7	68.15	2.376112532	4.763634668
138.6	95.7	146	102	88	68	2.477955217	4.628498441
138.7	93.5	146	102	88	68	2.7803082	5.032268092
138.8	92.1	146	102	88	68	2.429899864	3.658541261
138.9	93.75	146	102	88	68	2.33500491	4.021195127
139	136.35	146	102	88	68	4.011848147	13.5063186
139.1	114.75	146	102	88	68	4.706967645	7.513437737
139.2	102.55	146	102	88	68	3.497192118	7.119544133
139.3	106.8	146	102	88	68	2.034533956	4.182852338
139.4	97.75	146.45	103.35	88	67.55	2.324143091	5.597730402
139.5	93.45	147	105	88	67	2.23540197	3.708425757
139.6	92.1	147	105	88	67	2.531897921	3.038436341
139.7	89.65	147	105	88	67	2.315795018	4.061970712
139.8	125.15	147	105	88	67	3.276999717	8.918355885
139.9	124.25	147	105	88	67	6.264705206	7.292919996
140	107.4	147	105	88	67	3.967602982	5.530709594
140.1	107.1	147	105	88	67	2.295289992	6.334648253
140.2	102.65	148.4	105.35	88	68.05	2.716894729	5.390014101
140.3	95.45	151	106	88	70	3.104343359	5.053955892
140.4	94.2	151	106	88	70	2.083129029	3.286534719
140.5	92.3	151	106	88	70	2.543546784	4.36903838
140.6	126.05	151	106	88	70	3.096764281	6.963333771
140.7	129.5	151	106	88	70	5.362580334	14.01537889
140.8	112.1	151	106	88	70	4.723192329	8.140838853
140.9	107.4	151	106	88	70	3.417693921	4.611469696
141	104.15	151	106	88	70	2.55076397	6.357566525
141.1	96	152.9	104.1	88.95	70.95	2.350072456	5.181039208
141.2	93.2	153	104	89	71	3.10859839	3.687912997
141.3	91.7	153	104	89	71	2.620039636	4.436939216
141.4	93.3	153	104	89	71	2.844064594	3.279226683
141.5	141.85	153	104	89	71	4.551374905	6.67805712
141.6	123.2	153	104	89	71	4.843450193	12.88043
141.7	109.65	153	104	89	71	3.884225464	6.529393951
141.8	109.95	153	104	89	71	2.608732152	4.764001059
141.9	101.85	153	105.9	89	74.8	2.57075701	5.392038425
142	96.1	153	106	89	75	2.83784028	4.093404382
142.1	94.2	153	106	89	75	2.431688726	3.458922315
142.2	92.15	153	106	89	75	1.333547232	4.246882652
142.3	97.75	153	106	89	75	2.393355738	3.808053312
142.4	143.05	153	106	89	75	6.716866546	11.2661189
142.5	121.25	153	106	89	75	4.668029391	7.577325433
142.6	107.2	153	106	89	75	3.326136573	7.501245829
142.7	109.8	152.1	106	89.9	73.2	1.759685831	5.8649531
142.8	100.2	150	106	92	69	2.659610381	5.066232606
142.9	95.65	150	106	92	69	2.601575703	2.955677435
143	93.9	150	106	92	69	2.75560185	3.776648348
143.1	92.05	150	106	92	69	2.00730011	2.871509536
143.2	94.25	150	106	92	69	2.677017614	2.66653807
143.3	139.7	150	106	92	69	4.962609239	12.71432535
143.4	116.85	150	106	92	69	4.810783998	7.110450304
143.5	104.55	150	106	92	69	2.846888162	6.197317688
143.6	108.45	149.6	106.4	90.8	68.2	2.417300338	5.417428792
143.7	99.3	149	107	89	67	2.218189056	3.479258991
143.8	94.45	149	107	89	67	2.489997176	3.622912424
143.9	93.25	149	107	89	67	1.821723458	3.593605368
144	91.2	149	107	89	67	1.972305717	3.367308146
144.1	105.5	149	107	89	67	1.970016356	2.811331291
144.2	136	149	107	89	67	6.112017394	11.8536571
144.3	112	149	107	89	67	3.646850737	9.280484895
144.4	104.45	149	107	89	67	2.007388137	3.681007017
144.5	106.65	149	107	89	67	3.393935804	4.489802335
144.6	97.3	149.1	106.9	89.1	66.9	2.712494939	4.143838951
144.7	94.55	150	106	90	66	2.812257405	4.048496252
144.8	92.9	150	106	90	66	2.622919557	3.757496166
144.9	93.1	150	106	90	66	2.19145481	3.449919704
145	138.15	150	106	90	66	4.640474224	9.196493995
145.1	122.05	150	106	90	66	4.933072846	9.883392819
145.2	108.2	150	106	90	66	4.515362514	4.731013636
145.3	109.25	150	106	90	66	2.181047255	6.301385205
145.4	101.3	151.8	105.4	90	67.8	2.463905985	4.746840358
145.5	95.35	153	105	90	69	2.431892405	2.99720675
145.6	93.2	153	105	90	69	2.1926142	4.696342097
145.7	91.45	153	105	90	69	2.419278307	3.693470269
145.8	96.35	153	105	90	69	2.463663016	3.479118452
145.9	142.8	153	105	90	69	4.43267374	13.91349764
146	121.2	153	105	90	69	4.985923568	8.43622306
146.1	107.7	153	105	90	69	3.512411755	6.55118026
146.2	109.7	152.75	105	90	69.75	2.13015336	6.428662692
146.3	100.7	152	105	90	72	2.86291445	3.981731293
146.4	95.65	152	105	90	72	2.800664089	3.820600652
146.5	93.8	152	105	90	72	2.18202875	3.634560058
146.6	91.85	152	105	90	72	2.394002261	2.871415149
146.7	98.8	152	105	90	72	2.104843145	4.743229009
146.8	141.45	152	105	90	72	5.158268973	11.92950163
146.9	118.75	152	105	90	72	5.195607208	7.608828019
147	105.35	152	105	90	72	3.275098178	5.036867223
147.1	108.1	151.2	105.4	90.4	70.4	2.29475007	4.868889111
147.2	98.7	150	106	91	68	2.254358739	4.86223252
147.3	94	150	106	91	68	2.823316466	4.629266538
147.4	92.75	150	106	91	68	1.924859297	3.302084064
147.5	91.05	150	106	91	68	1.677435956	3.973980957
147.6	96.55	150	106	91	68	2.431687595	2.400726214
147.7	140.4	150	106	91	68	4.620313123	11.42585587
147.8	116.45	150	106	91	68	5.840984752	9.535523514
147.9	104.1	150	106	91	68	3.740581126	5.663160878
148	108.25	150	106.45	90.1	67.55	2.471030647	5.365602056
148.1	99.1	150	107	89	67	2.600644106	4.698852409
148.2	94.35	150	107	89	67	2.364276096	4.29609576
148.3	92.75	150	107	89	67	2.715206114	4.327056688
148.4	91.5	150	107	89	67	1.829514139	3.545744551
148.5	90.6	150	107	89	67	2.506753065	3.406692128
148.6	134.55	150	107	89	67	4.352774018	6.108680451
148.7	114.1	150	107	89	67	4.549581582	10.75230301
148.8	101.65	150	107	89	67	2.640116374	5.596566076
148.9	105.2	148.4	106.2	89.4	66.6	2.183824698	5.703851001
149	96.8	145.6	105	90	66	1.708888924	5.459194374
149.1	92.5	145	105	90	66	2.751877344	2.780015137
149.2	90.8	145	105	90	66	2.326591462	2.553191979
149.3	89.25	145	105	90	66	2.331685722	4.259111638
149.4	91.6	145	105	90	66	2.712452591	3.081005263
149.5	135.6	145	105	90	66	5.525815472	13.14341984
149.6	111.95	145	105	90	66	5.107318922	7.025690494
149.7	100.85	145	105	90	66	3.275339716	5.346977458
149.8	104.75	145	105	90	66	2.64606737	5.424495087
149.9	95.65	146.7	104.15	90	65.15	2.279940786	5.256795427
150	90.85	147	104	90	65	2.438037487	3.727043647
